420794,36770456,15142488,51912944
2001559605,55595328,19787912,75383240
4002471392,131772176,20395448,152167624
6003315853,143917896,20601208,164519104
8004116798,32876448,20732472,53608920
10004992869,56239784,20808680,77048464
12005517937,67444288,20869000,88313288
14006278239,67444288,20869000,88313288
16007052499,67444288,20869000,88313288
18007632168,67444288,20890688,88334976
20007970035,67444288,20890688,88334976
22008144510,67444288,20890688,88334976
24008282859,67444288,20890688,88334976
26009079698,67444288,20892304,88336592
28009668809,67444288,20892304,88336592
30034629870,67444288,20892976,88337264
20937,21937792,21089448,43027240
1999841945,48471568,20900328,69371896
4000053779,78160872,20919464,99080336
6000434341,111637392,20949176,132586568
8000600605,49593352,20950072,70543424
10000633448,95301064,21022584,116323648
12001533330,106372632,21024416,127397048
14001814954,106372632,21025952,127398584
16002814185,106372632,21028600,127401232
18002844974,106372632,21028600,127401232
20002926670,106372632,21028600,127401232
22003834763,106372632,21028600,127401232
24004339304,106372632,21029432,127402064
26004535948,106372632,21033792,127406424
28005174323,106372632,21043496,127416128
30006108690,106372632,21043496,127416128
32006698622,106372632,21047504,127420136
34006914561,106372632,21062880,127435512
25042,20106080,18935920,39042000
2000171601,69197072,19055768,88252840
4000938061,33464912,19037016,52501928
6001542362,90297896,19039000,109336896
8002374507,70464128,19051928,89516056
10002437318,61751392,19053272,80804664
12003146304,73077800,19067416,92145216
14003597066,73077800,19072216,92150016
16004201777,73077800,19072216,92150016
18004224767,73077800,19072216,92150016
20005272029,73077800,19072216,92150016
22005568843,73077800,19072216,92150016
24005811056,73077800,19072216,92150016
26006009752,73077800,19073112,92150912
28006968340,73077800,19075080,92152880
30007378050,73077800,19080136,92157936
32007556630,73077800,19087720,92165520
34008074309,73077800,19087720,92165520
40642,20280000,19195008,39475008
2000341971,21311760,19225384,40537144
4000812850,30965896,19257640,50223536
6001289475,48279064,19262568,67541632
8002704163,70794488,19290600,90085088
10003257968,46449568,19290600,65740168
12003871300,56799736,19290600,76090336
14004525275,56799736,19290600,76090336
16005370146,56799736,19290600,76090336
18005864014,56799736,19290600,76090336
20006818497,56799736,19290600,76090336
22007160058,56804304,19302904,76107208
24007584957,56804304,19313472,76117776
26007899013,56804304,19313472,76117776
28008750863,56804304,19313472,76117776
30009202036,56804304,19314176,76118480
32009244731,56845248,19341040,76186288
26274,19524976,19422528,38947504
1999399804,58025088,19491696,77516784
3999437163,54222680,19528048,73750728
5999677733,15774368,19670768,35445136
7999720018,32890952,19670768,52561720
10000492225,21148152,19672112,40820264
12000991841,34415736,19672112,54087848
14001012778,34415736,19672112,54087848
16001639247,34415736,19672112,54087848
18002100272,34415736,19672112,54087848
20002324832,34415736,19672112,54087848
22002369170,34415736,19672112,54087848
24002530919,34415736,19672112,54087848
26003126598,34415736,19672112,54087848
28003538770,34415736,19672112,54087848
30004110229,34415736,19672112,54087848
32004087239,34440360,19677000,54117360
34004805667,34457976,19677000,54134976
405194,36683960,15048416,51732376
2005198545,53705232,19518640,73223872
4005455948,128835296,20391560,149226856
6005935857,139251488,20634216,159885704
8006404683,144063080,20697128,164760208
10006421104,32369032,20775192,53144224
12006784013,50989920,20886456,71876376
14007110795,50989920,20886456,71876376
16007743012,50989920,20886456,71876376
18007692927,50989920,20908144,71898064
20008094015,50989920,20908144,71898064
22008455692,50989920,20908144,71898064
24008471292,50989920,20908144,71898064
26008685179,50989920,20908144,71898064
28009367891,50989920,20909696,71899616
30010307594,50989920,20910368,71900288
32010735367,51080168,20927776,72007944
22169,23070320,21116824,44187144
1999788988,42220832,21063384,63284216
4000206908,67976768,21094296,89071064
6000879356,97363240,21081384,118444624
8001048905,25376192,21081384,46457576
10001447530,65460376,21159528,86619904
12002284601,86080048,21161232,107241280
14002955818,86080048,21161232,107241280
16002897112,86080048,21163880,107243928
18003862680,86080048,21163880,107243928
20004588908,86080048,21163880,107243928
22004865605,86080048,21165992,107246040
24005122186,86080048,21165992,107246040
26005159134,86080048,21177216,107257264
28005751940,86080048,21177216,107257264
30006011395,86080048,21177216,107257264
32005939142,86080048,21193328,107273376
34006241292,86080048,21163176,107243224
21758,20485264,19567768,40053032
2000100990,64501560,19435968,83937528
4000704880,22697640,19195136,41892776
6000754965,74765592,19174400,93939992
8001313697,48531400,19174400,67705800
10001416740,34506432,19174400,53680832
12001576026,51900104,19174400,71074504
14001820702,51900104,19179136,71079240
16001895829,51900104,19179136,71079240
18002532561,51900104,19183160,71083264
20003418896,51900104,19183160,71083264
22004060555,51900104,19183160,71083264
24004987122,51900104,19183160,71083264
26004934984,51900104,19184056,71084160
28004938269,51900104,19187192,71087296
30005814751,51900104,19187192,71087296
32006309440,51900104,19195096,71095200
26274,20300888,19351392,39652280
1999981116,17377272,19360224,36737496
4000342793,23365040,19391648,42756688
6000658080,38659784,19299232,57959016
8000989789,60883584,19339424,80223008
10001319034,62142200,19339424,81481624
12001678248,38912688,19344928,58257616
14002006262,38945232,19344928,58290160
16002359728,38967096,19344928,58312024
18002670089,38967096,19344928,58312024
20002981271,38967096,19344928,58312024
22003310516,38978200,19354328,58332528
24003669320,38978200,19365728,58343928
26003997334,38978200,19365728,58343928
28004325347,38978200,19365728,58343928
30004661571,38978200,19366432,58344632
32004996975,39008344,19366432,58374776
34005354547,39030208,19395576,58425784
21758,18904032,19529216,38433248
1999605069,56271128,19605152,75876280
3999935957,52447224,19705888,72153112
6000267255,56567328,19853536,76420864
8000589521,29468712,19854304,49323016
10000942166,17576792,19854304,37431096
12001279212,19142664,19854304,38996968
14001620363,19142664,19854304,38996968
16001952071,19142664,19854304,38996968
18002267769,19142664,19854304,38996968
20002593730,19142664,19854304,38996968
22002941449,19142664,19854304,38996968
24003269052,19142664,19854304,38996968
26003618413,19142664,19854304,38996968
28003943964,19142664,19854304,38996968
30004283472,19142664,19855352,38998016
32005007648,19184624,19858712,39043336
34004955100,19184624,19858712,39043336
26274,19799800,19912056,39711856
1999951147,17294304,19818248,37112552
4000268898,23172808,19849928,43022736
6000598143,36977024,19941000,56918024
8000921641,30220296,19933896,50154192
10001265255,36746016,19933896,56679912
12001598195,37311712,19891208,57202920
14001940988,37315192,19895560,57210752
16002268180,37315192,19902088,57217280
18002606868,37315192,19902088,57217280
20002938987,37315192,19902088,57217280
22003288348,37315192,19902088,57217280
24003601582,37315192,19902088,57217280
26003939449,37315192,19902088,57217280
28004286758,37315192,19902088,57217280
30004609845,37315192,19902088,57217280
32004957975,37339816,19906112,57245928
34005298715,37355592,19913920,57269512
27506,19072088,20000304,39072392
1999827577,37241976,20039080,57281056
4000165444,32605488,20039080,52644568
6000500436,27557096,20066024,47623120
8000835429,21919344,20073896,41993240
10001176990,16758408,20073896,36832304
12001491867,18331768,20068384,38400152
14001836712,18331768,20068384,38400152
16002187305,18331768,20068384,38400152
18002522298,18331768,20068384,38400152
20002837585,18331768,20068384,38400152
22003205831,18331768,20068384,38400152
24003500592,18331768,20068384,38400152
26003842563,18331768,20068384,38400152
28004183304,18331768,20068384,38400152
30004687845,18331768,20069280,38401048
32004845899,18359576,20050136,38409712
34005194439,18379128,20061664,38440792
20116,19325656,20169000,39494656
1999872325,14425088,20183720,34608808
4000188434,34205152,20188600,54393752
6000532458,29032552,20189560,49222112
8000862935,23854288,20189560,44043848
10001190949,19153544,20189560,39343104
12001525941,20218016,20189560,40407576
14001885566,20218016,20195464,40413480
16002225074,20218016,20195464,40413480
18002541593,20218016,20195464,40413480
20002896702,20218016,20195464,40413480
22003202136,20218016,20195464,40413480
24003536308,20218016,20196744,40414760
26003888953,20218016,20196744,40414760
28004225588,20218016,20196744,40414760
30004552781,20218016,20196744,40414760
32004875458,20234432,20196744,40431176
34005217019,20258336,20196744,40455080
19295,19327256,20200544,39527800
2000355930,14443480,20278176,34721656
4000709396,34182008,20278176,54460184
6001027968,29065200,20278176,49343376
8001367476,24399560,20278176,44677736
10001702059,19203136,20278176,39481312
12002028841,20265776,20278176,40543952
14002384360,20265776,20278176,40543952
16002707447,20265776,20278176,40543952
18003035461,20265776,20278176,40543952
20003362243,20265776,20278176,40543952
22003702162,20265776,20278176,40543952
24004048239,20265776,20278176,40543952
26004370505,20265776,20278176,40543952
28004701803,20265776,20278176,40543952
30005062249,20265776,20278176,40543952
32005375073,20282192,20282096,40564288
34005722382,20307808,20282096,40589904
18884,19327520,20328552,39656072
2000126033,14435536,20344488,34780024
4000478268,34144312,20344488,54488800
6000790681,29049056,20344488,49393544
8001126495,24332952,20344488,44677440
10001482425,19147264,20344488,39491752
12001800996,20211272,20344488,40555760
14002151999,20211272,20344488,40555760
16002466055,20211272,20344488,40555760
18002796532,20211272,20344488,40555760
20003179557,20211272,20344488,40555760
22003517423,20211272,20344488,40555760
24003895932,20211272,20344488,40555760
26004225177,20211272,20344488,40555760
28004546212,20211272,20344488,40555760
30004901321,20211272,20344488,40555760
32005226461,20227688,20344488,40572176
34005563506,20254040,20344488,40598528
16832,19325912,20400584,39726496
1999959768,14485200,20408192,34893392
4000315287,34167248,20408192,54575440
6000625648,29508032,20408192,49916224
8000970083,24358040,20408192,44766232
10001293991,19155912,20408192,39564104
12001647868,20219176,20408192,40627368
14001963977,20219176,20408192,40627368
16002297738,20219176,20408192,40627368
18002642173,20219176,20408192,40627368
20002975113,20219176,20408192,40627368
22003321600,20219176,20409312,40628488
24003639351,20219176,20409312,40628488
26003976807,20219176,20409312,40628488
28004301536,20219176,20409312,40628488
30004635297,20219176,20409312,40628488
32004996974,20235592,20409312,40644904
34005336893,20262240,20409312,40671552
18473,19323792,20413592,39737384
1999786934,35995080,20475896,56470976
3999869451,27796832,20475896,48272728
5999899830,18686432,20475896,39162328
8000243854,35193352,20475896,55669248
10000271360,27564880,20475896,48040776
12000293118,20219152,20471120,40690272
14000774260,20234104,20471120,40705224
16000734438,20251512,20471120,40722632
18000937240,20251512,20471120,40722632
20000958588,20251512,20471120,40722632
22001775953,20251512,20471120,40722632
24002720994,20251512,20471120,40722632
26002815005,20251512,20471120,40722632
28002850722,20251512,20471120,40722632
30003456254,20251512,20471120,40722632
32004222714,20293664,20471304,40764968
34004286346,20293664,20444616,40738280
16421,18796656,20500840,39297496
2000091137,35613536,20522184,56135720
4000190075,27752232,20522184,48274416
6000742238,19622248,20522184,40144432
8001057936,36625664,20522184,57147848
10002002566,29440592,20522184,49962776
12002016524,19154992,20522184,39677176
14002661468,19165064,20522184,39687248
16002666804,19180008,20522184,39702192
18002680352,19180008,20522184,39702192
20002883154,19180008,20522184,39702192
22003741983,19180008,20522184,39702192
24004087650,19180008,20522184,39702192
26004115155,19180008,20522184,39702192
28004127882,19180008,20522184,39702192
30004393084,19180008,20522184,39702192
32004644329,19229576,20522184,39751760
34004645150,19244496,20522184,39766680
17243,18800136,20587496,39387632
2000092370,35615072,20588752,56203824
4000656028,28746792,20588752,49335544
6000754145,21091792,20588752,41680544
8001092421,38078520,20588752,58667272
10002052241,29970920,20588752,50559672
12002786269,19173240,20588752,39761992
14003576951,19183312,20588752,39772064
16003932470,19197544,20588752,39786296
18004322063,19197544,20588752,39786296
20005106586,19197544,20588752,39786296
22005739624,19197544,20590648,39788192
24005778624,19197544,20590648,39788192
26006783603,19197544,20590648,39788192
28006701907,19197544,20590648,39788192
30006857498,19197544,20590648,39788192
32006753223,19252424,20590648,39843072
20937,18799640,20666928,39466568
2000690923,35585296,20667568,56252864
4000683944,27789280,20667568,48456848
6001572742,19644272,20667568,40311840
8001658543,36195976,20667568,56863544
10002240264,29494752,20670032,50164784
12002275159,19220760,20677520,39898280
14003075693,19230832,20677520,39908352
16003103198,19244872,20677520,39922392
18004027302,19244872,20677520,39922392
20004045776,19244872,20677520,39922392
22004049471,19244872,20677520,39922392
24005038028,19244872,20677520,39922392
26004989996,19244872,20677520,39922392
28005216608,19244872,20677520,39922392
30006008932,19244872,20677520,39922392
32006999131,19285328,20681368,39966696
34006987636,19299392,20681368,39980760
18885,18804080,20657920,39462000
1999864115,36028568,20657920,56686488
4000555448,29211976,20661544,49873520
6000512753,21100392,20661544,41761936
8001418382,38075720,20661544,58737264
10001830965,30946136,20661544,51607680
12002326065,19166968,20661544,39828512
14002326065,19177040,20661544,39838584
16002676247,19191088,20661544,39852632
18002698416,19191088,20661544,39852632
20002694310,19191088,20661544,39852632
22002703753,19191088,20661544,39852632
24003674246,19191088,20661544,39852632
26004356137,19191088,20661544,39852632
28004441527,19191088,20661544,39852632
30004388569,19191088,20661544,39852632
32005339357,19231648,20661544,39893192
34005394778,19245696,20661544,39907240
17242,18801008,20729320,39530328
1999344383,34705216,20736904,55442120
4000341561,26806624,20736904,47543528
6000504542,19678144,20736904,40415048
8000991431,36641000,20736904,57377904
10002046904,28497680,20736904,49234584
12002073999,19257344,20737800,39995144
14002082620,19267416,20737800,40005216
16002101504,19281408,20737800,40019208
18002885207,19281408,20737800,40019208
20002902449,19281408,20737800,40019208
22003039566,19281408,20737800,40019208
24003296147,19281408,20737800,40019208
26004348747,19281408,20737800,40019208
28004300305,19281408,20737800,40019208
30004530612,19281408,20737800,40019208
32004978500,19335784,20740072,40075856
34005962952,19335784,20756200,40091984
17653,18803904,20797712,39601616
1999800072,35633112,20805392,56438504
4000721713,28258080,20805392,49063472
6001551394,20623984,20805392,41429376
8001532099,37147712,20805392,57953104
10002399960,29513224,20805392,50318616
12003039977,19166544,20805392,39971936
14003145073,19176616,20805392,39982008
16004175504,19190584,20805392,39995976
18004214915,19190584,20805392,39995976
20004838510,19190584,20805392,39995976
22004838100,19190584,20805392,39995976
24004979322,19190584,20805392,39995976
26005005185,19190584,20805392,39995976
28005735108,19190584,20805392,39995976
30009574387,19190584,20805392,39995976
32009432344,19235008,20805392,40040400
20937,18701424,20832808,39534232
1999955663,35177296,20836968,56014264
4000582132,27761024,20836968,48597992
6000685585,19618896,20836968,40455864
8001625700,35642584,20836968,56479552
10001627752,27967416,20836968,48804384
12001652384,19183160,20836968,40020128
14001752143,19193232,20836968,40030200
16002261201,19207200,20836968,40044168
18002362602,19207200,20836968,40044168
20002301022,19207200,20836968,40044168
22002395444,19207200,20836968,40044168
24002700468,19207200,20836968,40044168
26002736184,19207200,20836968,40044168
28002740700,19207200,20836968,40044168
30003355674,19207200,20836968,40044168
32003344180,19261648,20836968,40098616
34003359369,19261648,20836968,40098616
36127,18700640,20864408,39565048
2000705702,35637248,20884176,56521424
4000756197,28734104,20884176,49618280
6001382666,21203152,20884176,42087328
8001386772,38651456,20884176,59535632
10001463951,31509592,20884176,52393768
12002161442,19269136,20884176,40153312
14002139684,19279208,20884176,40163384
16002998514,19293168,20884176,40177344
18003014524,19293168,20884176,40177344
20003289169,19293168,20884176,40177344
22003691899,19293168,20884176,40177344
24003674246,19293168,20884176,40177344
26003707089,19293168,20884176,40177344
28003856111,19293168,20884176,40177344
30004548676,19293168,20884176,40177344
32005055681,19333640,20917720,40251360
34005081955,19347576,20917720,40265296
32843,18702072,20969448,39671520
2000394931,34756728,20973544,55730272
4000819008,26301928,20973544,47275472
6001209012,18172152,20973544,39145696
8001194644,33690888,20973544,54664432
10001562068,26021584,20973544,46995128
12002205780,19214072,20973544,40187616
14002236980,19224144,20973544,40197688
16003122494,19238112,20976336,40214448
18003103609,19238112,20976336,40214448
20003131936,19238112,20976336,40214448
22003145894,19238112,20976336,40214448
24003822037,19238112,20976336,40214448
26003817521,19238112,20976336,40214448
28004742035,19238112,20976336,40214448
30004774467,19238112,20976336,40214448
32005669013,19292560,20976336,40268896
34006303282,19292560,20976336,40268896
34895,18700416,21059936,39760352
1999976189,36978672,21083168,58061840
4000644943,31709368,21083168,52792536
6000663827,26557008,21083168,47640176
8000996767,20440432,21083168,41523600
10001026736,36935584,21083168,58018752
12001062042,19242712,21083168,40325880
14001083800,19252784,21083168,40335952
16001451635,19266744,21083168,40349912
18001468467,19266744,21087968,40354712
20001473803,19266744,21087968,40354712
22001801817,19266744,21087968,40354712
24002144610,19266744,21087968,40354712
26002472624,19266744,21087968,40354712
28002825680,19266744,21087968,40354712
30003158620,19266744,21087968,40354712
32003684509,19307216,21087968,40395184
34004576591,19321152,21088928,40410080
33253,18437712,21119008,39556720
2000709396,35359528,21120096,56479624
4001692206,27997920,21120096,49118016
6001944271,20414600,21120096,41534696
8002750963,37889544,21120096,59009640
10002951713,30788000,21120096,51908096
12002996460,18998776,21120096,40118872
14003669320,19008848,21120096,40128944
16004486685,19022816,21120096,40142912
18005155850,19022816,21120096,40142912
20005184997,19022816,21120096,40142912
22005484274,19022816,21120096,40142912
24005448147,19022816,21120096,40142912
26005478116,19022816,21120096,40142912
28005485095,19022816,21120096,40142912
30005510548,19022816,21120096,40142912
32006336945,19063296,21120096,40183392
34006353366,19077264,21120096,40197360
32021,18433824,21205088,39638912
2000193360,34928056,21234040,56162096
4000657259,26509280,21234040,47743320
6001386361,19386616,21234040,40620656
8001425772,35358728,21234040,56592768
10001681122,28196544,21234040,49430584
12001706985,18915800,21234040,40149840
14002477140,18925872,21234040,40159912
16002500540,18939832,21234040,40173872
18003446812,18939832,21234040,40173872
20003687794,18939832,21234040,40173872
22004432495,18939832,21234040,40173872
24005398884,18939832,21234040,40173872
26005476884,18939832,21234040,40173872
28005670655,18939832,21234040,40173872
30006586548,18939832,21234040,40173872
32006999952,18980304,21234040,40214344
34007015141,18994264,21234040,40228304
31611,18434472,21247096,39681568
2000852671,34475112,21382960,55858072
4000899882,27060296,21382960,48443256
6000907272,19916928,21382960,41299888
8001038231,36895624,21382960,58278584
10001590805,29270480,21382960,50653440
12001693027,18966824,21382960,40349784
14001690153,18976896,21382960,40359856
16002668857,18990856,21382960,40373816
18002716889,18990856,21382960,40373816
20003579824,18990856,21382960,40373816
22003594603,18990856,21382960,40373816
24004197261,18990856,21382960,40373816
26004213682,18990856,21382960,40373816
28004244472,18990856,21382960,40373816
30005045417,18990856,21382960,40373816
32005334020,19031328,21382960,40414288
34005980605,19045288,21382960,40428248
400267,36764808,15178736,51943544
2021415722,57733832,19610992,77344824
4021725262,135696408,20558656,156255064
6022068465,144893640,20719624,165613264
8022434247,143023432,20845640,163869072
10023260234,25412336,21020920,46433256
12023746713,64539248,21026072,85565320
14024673690,64539248,21026072,85565320
16024578036,64539248,21026072,85565320
18024827639,64539248,21047760,85587008
20025032083,64539248,21047760,85587008
22025284969,64539248,21047760,85587008
24025308780,64539248,21047760,85587008
26026092072,64539248,21049248,85588496
28026358917,64539248,21050144,85589392
30027012070,64539248,21050816,85590064
32027229241,64629496,21065328,85694824
3089226,37360560,15635904,52996464
2016489694,44315056,19800008,64115064
4016610390,38561072,20260184,58821256
6016698243,37095392,20479304,57574696
8016720001,39948136,20665608,60613744
10016887496,20521744,20778760,41300504
12016903097,32549880,20812552,53362432
14016986844,38289056,20978488,59267544
16017165835,31708376,21003256,52711632
18020047334,19998664,21025040,41023704
20020125745,20125312,21025040,41150352
22020224682,20125312,21025040,41150352
24020481673,20125312,21025040,41150352
26020568294,20125384,21025040,41150424
28020675442,20129448,21026528,41155976
30023209634,20133568,21027584,41161152
32023283940,20133568,21037872,41171440
25042,19324736,20992888,40317624
1986142203,37634808,20921208,58556016
3986350340,30474264,20947128,51421392
5986452152,23750032,20948616,44698648
7986588447,16617136,20954184,37571320
9986616773,33958480,21037384,54995864
11986701342,26719488,21037384,47756872
13986715300,19490200,20306504,39796704
15988311024,20181112,20158640,40339752
17988418583,20193960,19814664,40008624
19988494941,20193960,19802952,39996912
21988582794,20221528,19802952,40024480
23988697331,20221528,19802952,40024480
25988767532,20225784,19796232,40022016
27989014670,20230040,19806272,40036312
29989079944,20230040,19810296,40040336
31990688805,20246456,19820704,40067160
33990759005,20278280,19830520,40108800
21758,18794680,19193376,37988056
1993785010,36990216,19271016,56261232
3993891748,30048048,19274408,49322456
5993959074,22831624,19265832,42097456
7994058422,15679328,19266408,34945736
9994144633,33032248,19268264,52300512
11994257118,26309312,19285480,45594792
13994401624,19077776,19288040,38365816
15995808915,19303776,19292776,38596552
17995912369,19316624,19292776,38609400
19995994885,19316624,19292776,38609400
21996099570,19328104,19292776,38620880
23996212465,19328104,19292776,38620880
25996297034,19328104,19292776,38620880
27996369287,19336592,19292776,38629368
29996465350,19336592,19292776,38629368
31998067643,19364552,19289312,38653864
33998152212,19387704,19297152,38684856
22990,19320000,19339792,38659792
1999070564,37554344,19401464,56955808
3999183048,30673496,19401464,50074960
5999321807,23857672,19425848,43283520
7999370249,16650960,19425848,36076808
9999499155,33951128,19425848,53376976
11999563608,26739424,19453752,46193176
13999684714,19498440,19453752,38952192
16001103500,20154400,19453752,39608152
18001237333,20160744,19453752,39614496
20001336270,20169376,19453752,39623128
22001424123,20174504,19465992,39640496
24001515260,20174504,19473304,39647808
26001672493,20174504,19473304,39647808
28001767735,20174504,19473304,39647808
30003303112,20207336,19474072,39681408
32003513302,20231032,19500272,39731304
23400,18957728,19576128,38533856
1994062528,36916256,19581432,56497688
3994205392,30065080,19581432,49646512
5994270255,22816400,19581432,42397832
7994402035,15622280,19713912,35336192
9994433646,32963680,19716664,52680344
11994530120,25769464,19716664,45486128
13994633573,19051432,19716664,38768096
15996066317,19207344,19716664,38924008
17996193170,19220112,19716664,38936776
19996291287,19220112,19716664,38936776
21996346297,19228232,19716664,38944896
23996472740,19228232,19716664,38944896
25996542940,19228232,19716664,38944896
27996628330,19236720,19716664,38953384
29996798289,19236720,19716664,38953384
31998745836,19269552,19722768,38992320
33998845184,19285960,19723832,39009792
20526,19321104,19807328,39128432
1990278687,37287808,19859800,57147608
3990514741,30576864,19861064,50437928
5990513509,23771616,19839432,43611048
7990643647,16518232,19872744,36390976
9990669921,33935960,19860584,53796544
11990763932,26742432,19860584,46603016
13990852606,19522992,19860584,39383576
15992526741,20145696,19861672,40007368
17992655236,20158360,19838520,39996880
19992713942,20158360,19838520,39996880
21992825195,20166400,19841912,40008312
23992969701,20166400,19841912,40008312
25992996796,20166400,19841912,40008312
27993144996,20166400,19841912,40008312
29993204112,20172696,19841912,40014608
31995850789,20205528,19845744,40051272
33995930842,20227984,19852528,40080512
37768,19319296,20052128,39371424
1991535314,20067408,20078328,40145736
3991619473,20806800,20078328,40885128
5991715536,22291504,20078328,42369832
7991825558,23030944,20079800,43110744
9991922853,23770456,20079800,43850256
11991993874,24515064,20079800,44594864
13992103896,25501256,20079800,45581056
15992230339,26240624,20079800,46320424
17993670062,26985136,20090304,47075440
19993754220,33535776,20069504,53605280
21993869579,84854160,20215360,105069520
23993961537,85553000,20215360,105768360
25994037074,85622192,20215360,105837552
27994163107,85622192,20215360,105837552
29994409834,85622192,20216384,105838576
31994321571,85630064,20241720,105871784
33994417224,85630064,20241720,105871784
35994515340,85630064,20241720,105871784
37994614688,85630064,20241720,105871784
40058485519,85630064,20260352,105890416
42058591435,85630064,20279560,105909624
27095,21107688,20411904,41519592
1992593247,112970544,20419520,133390064
3992637584,98549992,20414672,118964664
5992728311,83443312,20414672,103857984
7992810827,46341872,20414672,66756544
9992905659,137157176,20414672,157571848
11993011165,99053856,20414672,119468528
13993089576,64137024,20414672,84551696
15994482088,18909832,20414672,39324504
17994570762,18978136,20414672,39392808
19994667647,18995808,20415952,39411760
21994755500,18995808,20415952,39411760
23994855258,18995808,20415952,39411760
25994942701,18995808,20415952,39411760
27995046975,18995808,20415952,39411760
29995170134,18995808,20415952,39411760
31996613962,19020432,20417008,39437440
33996726857,19038168,20417008,39455176
76359,19669472,20408568,40078040
1994452119,110496160,20476960,130973120
3994532172,86697104,20476960,107174064
5994615099,66838064,20476960,87315024
7994716500,50402008,20476960,70878968
9994825700,37342888,20476960,57819848
11994901648,28507864,20476960,48984824
13995011670,23192656,20476960,43669616
15997376313,96383256,20476960,116860216
17997467861,96383256,20476960,116860216
19997563104,96383256,20476960,116860216
21997666557,96383256,20476960,116860216
23997766726,96383256,20476960,116860216
25997864021,96383256,20476960,116860216
27997942843,96383256,20476960,116860216
29998056148,96383256,20476960,116860216
31999500387,96411728,20479760,116891488
33999559914,96435920,20479760,116915680
21758,20189864,20568600,40758464
1988758500,21133704,20571864,41705568
3988883301,22072344,20571864,42644208
5988932154,22541664,20571864,43113528
7989040123,23010920,20571864,43582784
9989188323,23949456,20571864,44521320
11989212955,25357576,20571864,45929440
13989361977,26296104,20571864,46867968
15989442030,27234744,20571864,47806608
17990923627,27704096,20571864,48275960
19991034470,28642776,20571864,49214640
22194246854,29112112,20571864,49683976
24194342097,30051648,20571864,50623512
26194383971,30520928,20571864,51092792
28194526835,31460720,20571864,52032584
30194622898,32400264,20571864,52972128
32194727994,32869552,20571864,53441416
34194815026,33808264,20571864,54380128
36194966511,34282632,20571864,54854496
38195094596,35221272,20571864,55793136
40195144680,77554488,20576920,98131408
42195234175,84633464,20576920,105210384
44195332702,85140320,20578232,105718552
46195472692,85171696,20578232,105749928
48195550282,85171696,20578232,105749928
50195632798,85171696,20578232,105749928
52195770736,85171696,20578232,105749928
54195853252,85171696,20578232,105749928
56196003916,85171696,20578232,105749928
58196030190,85171696,20578232,105749928
60196203022,85171696,20578232,105749928
20527,24099264,20535904,44635168
2009306679,112201392,20535904,132737296
4009443385,24402304,20535904,44938208
6009537396,115291728,20535904,135827632
8009687650,23559520,20535904,44095424
10009638386,116214952,20535904,136750856
12009822303,32373928,20535904,52909832
14009915904,124454008,20535904,144989912
16012370863,35319408,20535904,55855312
18012454611,35767200,20535904,56303104
20012529738,35779000,20535904,56314904
22012604865,35779000,20535904,56314904
24012683686,35779000,20535904,56314904
26012846255,35779000,20535904,56314904
28012948887,35779000,20535904,56314904
30014442390,35807216,20535904,56343120
32014469895,35830960,20535904,56366864
23400,19990360,20521592,40511952
1987225587,20812928,20496224,41309152
3987224356,21623304,20496224,42119528
5987417715,21623304,20496224,42119528
7987446041,22433520,20496224,42929744
9987570431,23243680,20496224,43739904
11987705085,23243680,20496224,43739904
13987744495,24058840,20496224,44555064
15987877096,24869024,20496224,45365248
18001904852,24869024,20500216,45369240
20002018158,25679088,20500216,46179304
22002098621,101460128,20502168,121962296
24002186474,203478960,20494296,223973256
26002324412,203843656,20494296,224337952
28002409802,203843656,20494296,224337952
30002502992,203843656,20494296,224337952
32002599466,203843656,20494296,224337952
34002682393,203843656,20494296,224337952
36002840036,203843656,20494296,224337952
38003053510,203843656,20494296,224337952
40003041605,203843656,20494296,224337952
19706,27533864,20606480,48140344
1990394867,118062240,20637392,138699632
3990478615,208581488,20637392,229218880
5990591510,87404264,20637392,108041656
7990771732,178953192,20640848,199594040
9990797185,67348232,20640848,87989080
11990893659,158145864,20640848,178786712
13990981512,51728824,20640848,72369672
15992489383,128406784,20640848,149047632
17992537825,128406784,20640848,149047632
19992676584,128406784,20640848,149047632
21992751711,128406784,20633184,149039968
23992857216,128406784,20633184,149039968
25992945069,128406784,20633184,149039968
27993047291,128406784,20633184,149039968
29993152386,128406784,20633184,149039968
31995659894,128431408,20633184,149064592
33995786747,128447288,20644704,149091992
18473,20550840,20695424,41246264
1988620973,21500040,20718224,42218264
3988710468,22454136,20718224,43172360
5988755627,23403128,20718224,44121352
7988860311,23403128,20718224,44121352
9988964175,24352280,20718224,45070504
11989022881,25301264,20718224,46019488
13989141934,26255360,20718224,46973584
15989237176,26255360,20718224,46973584
17990853837,27204368,20718224,47922592
19991100975,28153408,20718224,48871632
21991435145,29102472,20718224,49820696
23991505756,30056568,20718224,50774792
25991639589,31005728,20718224,51723952
27991683105,31954880,20721848,52676728
29991779989,31954880,20721848,52676728
31991991411,32903856,20721848,53625704
33992085422,33857952,20721848,54579800
35992176149,34806944,20721848,55528792
37992278371,35756096,20721848,56477944
39992363761,36705112,20721848,57426960
41992546446,37659208,20721848,58381056
43992730773,38608216,20721848,59330064
45992890879,39557384,20721848,60279232
47993014038,40506400,20721848,61228248
49993053448,41455432,20721848,62177280
52133807220,42404808,20721848,63126656
54133928326,43353872,20721848,64075720
56134221853,44303872,20721848,65025720
58134363075,45252912,20721848,65974760
60134468170,46202296,20721848,66924144
62134533034,47151272,20721848,67873120
64134661940,48100328,20721848,68822176
66134753488,49049320,20721848,69771168
68134937404,143526232,20721848,164248080
70135060973,132504000,20721848,153225848
72135148827,133183944,20721848,153905792
74135288406,133183944,20721848,153905792
76135397196,133183944,20721848,153905792
78135451386,133183944,20721848,153905792
80137111563,133192152,20721848,153914000
82137171089,133226888,20721848,153948736
23400,25143768,20787760,45931528
3864583508,117200664,20787760,137988424
5864705025,209274840,20787760,230062600
7864762909,92290480,20787760,113078240
9864923015,187408928,20787760,208196688
11864973510,51019984,20787760,71807744
13864995268,141648920,20787760,162436680
15865097490,233561992,20787760,254349752
17866631635,87951688,20792176,108743864
19866729341,89290864,20792176,110083040
21866798720,89290864,20792176,110083040
23866911205,89290864,20792176,110083040
25866998647,89290864,20792176,110083040
27867243733,89290864,20792176,110083040
29867506471,89290864,20792176,110083040
31867541366,89290864,20792176,110083040
33868997510,89315488,20793072,110108560
35869239722,89332360,20793072,110125432
17652,20966136,20837440,41803576
1998930984,112469288,20837440,133306728
3999004058,203975168,20837440,224812608
5999122290,86095184,20837440,106932624
7999215480,179434344,20837440,200271784
9999310312,69135120,20837440,89972560
11999388312,160939160,20837440,181776600
13999482323,60618736,20837440,81456176
16001877757,134513080,20837440,155350520
18002240664,134513080,20837440,155350520
20002349864,134513080,20837440,155350520
22002623276,134513080,20837440,155350520
24002718929,134513080,20837440,155350520
26002827719,134513080,20837440,155350520
28002925836,134513080,20837440,155350520
30002954573,134513080,20837440,155350520
32004328611,134555968,20837440,155393408
19295,20458800,20901176,41359976
1985647106,111193120,20923784,132116904
3985734549,18867896,20923784,39791680
5985833075,110207520,20923784,131131304
7985926676,24484264,20923784,45408048
9986101972,118392896,20923784,139316680
11986117161,38723096,20923784,59646880
13986209119,128548312,20923784,149472096
15988605784,42250760,20923784,63174544
17988734280,42469624,20923784,63393408
19988832396,42469624,20923784,63393408
21988914912,42476712,20923784,63400496
23988976902,42476712,20923784,63400496
25989204745,42476712,20923784,63400496
27989274535,42476712,20923784,63400496
29989392767,42476712,20923784,63400496
31990860817,42509544,20924680,63434224
33991075523,42524064,20924680,63448744
18885,20694960,20956200,41651160
1999662135,111177824,20968152,132145976
3999746704,47618792,20968152,68586944
5999870684,139235424,20968152,160203576
7999938832,78911272,20968152,99879424
10000096885,25918736,20968152,46886888
12000124801,118469704,20968152,139437856
14000245907,69046184,20968152,90014336
16001630619,142944864,20968152,163913016
18001721346,142944864,20968152,163913016
20001817820,142944864,20968152,163913016
22001915936,142944864,20968152,163913016
24002175390,142944864,20968152,163913016
26002296496,142944864,20968152,163913016
28002422118,142944864,20968152,163913016
30003768651,142984032,20940856,163924888
32003858557,142994352,20940856,163935208
22169,19440016,20967056,40407072
1985360968,110123928,20971216,131095144
3985473863,69002168,20971216,89973384
5985595790,32727448,20971216,53698664
7985594969,122782648,20971216,143753864
9985752612,91396328,20971216,112367544
11985845802,63299328,20971216,84270544
13985939813,38886968,20971216,59858184
15987324936,112975640,20971216,133946856
17987509263,112975640,20971216,133946856
19987612716,112975640,20971216,133946856
21987716169,112975640,20971216,133946856
23987802380,112975640,20971216,133946856
25987894749,112975640,20971216,133946856
27988039255,112975640,20971216,133946856
29988167340,112975640,20971216,133946856
31989651811,113014312,20971216,133985528
33989734327,113024440,20971216,133995656
22168,19535328,21005368,40540696
1995836010,110211696,21030656,131242352
3995943158,91415880,21030656,112446536
5996034295,76439488,21030656,97470144
7996102443,65149096,21030656,86179752
9996219444,56607544,21030656,77638200
11996317970,53582424,21030656,74613080
13996396792,51726312,21030656,72756968
15998828762,36113288,21030656,57143944
17998935910,36130008,21030656,57160664
19999022942,36130008,21030656,57160664
21999098890,36136176,21030656,57166832
23999203575,36136176,21030656,57166832
25999297996,36136176,21030656,57166832
27999514755,36136176,21030656,57166832
29999617387,36136176,21030656,57166832
32002066189,36187536,21030656,57218192
19705,19791056,21047496,40838552
1992202013,26037520,21053704,47091224
3992304234,34184616,21053704,55238320
5992394140,43745824,21093896,64839720
7992531667,56971024,21093896,78064920
9992618289,72248960,21093896,93342856
11992637994,19486536,21093896,40580432
13992745552,40509096,21093896,61602992
15994315003,47645368,21098696,68744064
17994388487,47669984,21098696,68768680
19994583488,47669984,21098696,68768680
21994643836,47669984,21098696,68768680
23994608941,47669984,21098696,68768680
25994804763,47669984,21098696,68768680
27994844584,47669984,21098696,68768680
29994955837,47669984,21098696,68768680
31996421013,47702816,21098696,68801512
33996494087,47728896,21098696,68827592
17242,19773056,21156040,40929096
1996146370,47275864,21216904,68492768
3996242844,14681040,21216904,35897944
5996357792,46884496,21216904,68101400
7996448519,23207912,21216904,44424816
9996539245,59323760,21216904,80540664
11996623814,45647992,21216904,66864896
13996724804,37015832,21216904,58232736
15998205991,16022488,21216904,37239392
17998313549,16030264,21216904,37247168
19998379644,16030264,21216904,37247168
21998503213,16035872,21216904,37252776
23998669067,16035872,21216904,37252776
25998782783,16035872,21216904,37252776
27998870636,16035872,21216904,37252776
29998969574,16035872,21216904,37252776
32000403960,16074408,21216904,37291312
34000652740,16085672,21218056,37303728
20526,18747704,21241128,39988832
2000357570,19627376,21243624,40871000
4000444191,24812144,21243624,46055768
6000474570,33367936,21243624,54611560
8000612919,45937144,21243624,67180768
10000686403,24165616,21243624,45409240
12000781646,42455464,21243624,63699088
14000925331,28419760,21243624,49663384
16002314559,34799512,21243624,56043136
18002523928,34805072,21243624,56048696
20002798572,34810504,21243624,56054128
22002893404,34810504,21243624,56054128
24003002604,34810504,21243624,56054128
26003091279,34810504,21243624,56054128
28003190216,34810504,21243624,56054128
30004564255,34854448,21278160,56132608
32004787582,34870848,21278160,56149008
17243,18948576,21326896,40275472
1994656152,45291368,21335152,66626520
3994037896,43119368,21335152,64454520
5994146276,15853456,21335152,37188608
7994233308,23877280,21335152,45212432
9994327729,36507096,21335152,57842248
11994430361,28876888,21335152,50212040
13994512878,21620616,21335152,42955768
15996042096,22353800,21335152,43688952
17996124202,22366544,21335152,43701696
19996232581,22366544,21335152,43701696
21996329466,22372112,21335152,43707264
23996400487,22372112,21335152,43707264
25996501067,22372112,21335152,43707264
27996611499,22380544,21335152,43715696
29996696889,22380544,21335152,43715696
31998134970,22419040,21335152,43754192
33998229391,22430176,21335152,43765328
18885,19066264,21344584,40410848
1998696162,37165200,21488056,58653256
3998800847,30317552,21488056,51805608
5998932627,23568480,21488056,45056536
7998974500,16330120,21488056,37818176
9999099301,33720776,21488056,55208832
11999190028,26497008,21488056,47985064
13999259818,19239608,21488056,40727664
16001815768,19963080,21488056,41451136
18001939747,19975744,21488056,41463800
20002057979,19983328,21488056,41471384
22002098211,19983328,21488056,41471384
24002193864,19983328,21488056,41471384
26002289107,19983328,21488056,41471384
28002490676,19983328,21488056,41471384
30002675004,19983328,21488056,41471384
32004060126,20031416,21488056,41519472
3107704,36972928,15980032,52952960
2020441877,63027648,19776824,82804472
4020812174,73597792,20302208,93900000
6020743615,84791272,20539584,105330856
8021235018,97811496,20602816,118414312
10021551536,118072432,20740336,138812768
12022097129,120522016,20796624,141318640
14022149266,120522016,20796624,141318640
16022160761,120522016,20796624,141318640
18022241635,120522016,20818312,141340328
20022556100,120522016,20818312,141340328
22022570879,120522016,20818312,141340328
24022619322,120522016,20819016,141341032
26023326253,120522016,20820504,141342520
28023384548,120522016,20820504,141342520
30023441611,120522016,20821176,141343192
32023499906,120580432,20837624,141418056
22169,21690032,21001216,42691248
2000438855,44280120,20845888,65126008
4000480729,70824544,20854784,91679328
6000528351,102207040,20912528,123119568
8000788626,34351320,20913360,55264680
10001594905,75827928,20992336,96820264
12001609273,87060416,20994040,108054456
14001705748,87060416,20994040,108054456
16001832191,87060416,20994040,108054456
18001889665,87060416,20994040,108054456
20001907317,87060416,20998632,108059048
22001984497,87060416,20999528,108059944
24002384352,87060416,20999528,108059944
26002374089,87060416,21013200,108073616
28002420889,87060416,21013200,108073616
30002436489,87060416,21013200,108073616
32002800218,87060416,21025576,108085992
34002828955,87060416,21030144,108090560
20116,20204856,19777696,39982552
1999708114,65405208,19532744,84937952
4000422845,25454152,19106504,44560656
6001102270,80318928,19097608,99416536
8001820285,57239120,19088008,76327128
10002649554,44573392,19089352,63662744
12003650012,56198456,19103624,75302080
14004613524,56198456,19108360,75306816
16004672640,56198456,19108360,75306816
18004701788,56198456,19108360,75306816
20004701377,56198456,19108360,75306816
22005688699,56198456,19108360,75306816
24005696910,56198456,19108360,75306816
26006206376,56198456,19108360,75306816
28007163319,56198456,19108360,75306816
30007820576,56198456,19108360,75306816
32008434727,56198456,19116136,75314592
34008479064,56198456,19116696,75315152
20116,20311912,19430952,39742864
1999928978,17375376,19488872,36864248
4000070200,22243440,19522088,41765528
6000683941,35126624,19526056,54652680
8001079280,54070816,19526056,73596872
10001057112,25096552,19545064,44641616
12001062449,36911048,19545064,56456112
14001077638,36911048,19545064,56456112
16001062859,36911048,19545064,56456112
18001092828,36911048,19545064,56456112
20001087080,36911048,19545064,56456112
22001105554,36911048,19545064,56456112
24001397851,36914112,19526512,56440624
26001500072,36914112,19526512,56440624
28002427457,36914112,19526512,56440624
30002508331,36914112,19527216,56441328
32002624922,36930528,19527216,56457744
34002746849,36957360,19553080,56510440
21758,19401160,19585776,38986936
2000417918,54596600,19585776,74182376
4001096522,48192120,19594224,67786344
6001211060,50326144,19725936,70052080
8001594083,21461800,19725936,41187736
10001648684,45459008,19725936,65184944
12001874064,18306536,19725936,38032472
14001896233,18321288,19725936,38047224
16002654890,18333448,19725936,38059384
18003256315,18333448,19725936,38059384
20003560106,18333448,19725936,38059384
22004591355,18333448,19725936,38059384
24004646776,18333448,19725936,38059384
26005595509,18333448,19725936,38059384
28005639846,18333448,19725936,38059384
30005784352,18333448,19732040,38065488
32006547525,18362000,19732072,38094072
34006911254,18386416,19729640,38116056
23401,19340528,19733696,39074224
1999835378,49145104,19706272,68851376
3999737672,17932728,19694560,37627288
6000539846,28911552,19769056,48680608
8001507052,19471504,19770464,39241968
10001549747,23364168,19770464,43134632
12001890076,36281288,19731296,56012584
14002000097,36281288,19731296,56012584
16002328931,36281288,19721112,56002400
18002355205,36281288,19721112,56002400
20002420479,36281288,19721112,56002400
22002981672,36281288,19721112,56002400
24003286284,36281288,19721112,56002400
26003811351,36281288,19721112,56002400
28004366386,36281288,19721112,56002400
30005113959,36281288,19721112,56002400
32005623426,36312064,19725008,56037072
34005766290,36326360,19732752,56059112
23400,19075256,19871832,38947088
1999765588,19846224,19915592,39761816
3999838662,20103936,19915592,40019528
5999903936,22422504,19916936,42339440
7999940063,22936360,19916936,42853296
9999970442,23455336,19916936,43372272
12000719657,25510832,19925952,45436784
14000834195,26024696,19925952,45950648
16000852258,26538600,19925952,46464552
18001679884,27571496,19925952,47497448
20002025960,29884008,19925952,49809960
22002030887,30654784,19925952,50580736
24002063729,31687648,19925952,51613600
26002066603,32201496,19925952,52127448
28002200025,32715376,19926848,52642224
30002792828,86529800,19949496,106479296
32002999735,101681720,20087224,121768944
34003301063,102294896,20087224,122382120
36003636055,102365200,20087224,122452424
38004154553,102365200,20087224,122452424
40004519102,102365200,20087224,122452424
42005339750,102365200,20093192,122458392
44006077060,102365200,20093192,122458392
46006388651,102365200,20093192,122458392
48006707222,102365200,20098072,122463272
50007379257,102365200,20098072,122463272
52008168705,102365200,20110944,122476144
21758,21148104,20303200,41451304
2000352645,55772568,20310112,76082680
4000396161,88651456,20310112,108961568
6000730331,98018640,20310112,118328752
8001662642,114348672,20310112,134658784
10001676600,18769632,20310112,39079744
12002197562,27687312,20310112,47997424
14002747260,27687312,20310112,47997424
16002779692,27687312,20310112,47997424
18002861797,27687312,20310112,47997424
20003863077,27687312,20310112,47997424
22004146753,27687312,20310112,47997424
24004883242,27687312,20310112,47997424
26004944000,27687312,20310112,47997424
28004917316,27687312,20310112,47997424
30005296644,27687312,20310112,47997424
32005620141,27687312,20310112,47997424
34005908743,27727704,20310112,48037816
18064,19776744,20391296,40168040
1999712630,50780592,20495392,71275984
4000049674,86194792,20495392,106690184
6000899059,21276096,20495392,41771488
8001277156,66942312,20495392,87437704
10001313282,22967584,20495392,43462976
12001408114,26490064,20495392,46985456
14001672906,26490064,20495392,46985456
16001803043,26490064,20495392,46985456
18002148709,26490064,20495392,46985456
20002718933,26490064,20507168,46997232
22003313790,26490064,20496672,46986736
24004224753,26490064,20496672,46986736
26005058127,26490064,20496672,46986736
28005337287,26490064,20496672,46986736
30005634099,26490064,20496672,46986736
32006338977,26506480,20496672,47003152
34006663706,26531968,20496672,47028640
18885,19109224,20461328,39570552
2000114948,74783024,20486800,95269824
4000471698,50395784,20486800,70882584
6000769331,36327456,20486800,56814256
8001098986,33315384,20486800,53802184
10001429872,36522704,20486800,57009504
12001814949,37917304,20486800,58404104
14002115456,37917304,20486800,58404104
16002427047,37917304,20486800,58404104
18002732070,37917304,20486800,58404104
20003054335,37917304,20486800,58404104
22003409853,37917304,20486800,58404104
24003891814,37917304,20486800,58404104
26004202995,37917304,20486800,58404104
28004542913,37917304,20486800,58404104
30004869694,37917304,20486800,58404104
32005188675,37956696,20486800,58443496
34005518330,37956696,20486800,58443496
18063,19402696,20512520,39915216
1999956484,29417416,20568056,49985472
3999995484,47480048,20568056,68048104
6000936417,17420768,20568056,37988824
8001608042,50481928,20568056,71049984
10002290341,42064984,20568056,62633040
12002921734,56412840,20568056,76980896
14003899204,56412840,20568056,76980896
16004945232,56412840,20568952,76981792
18005229728,56412840,20568952,76981792
20005346318,56412840,20568952,76981792
22005345087,56412840,20568952,76981792
24005475224,56412840,20568952,76981792
26005476456,56412840,20568952,76981792
28006247019,56412840,20568952,76981792
30007166193,56412840,20568952,76981792
32008020093,56437464,20568952,77006416
34008229052,56454776,20568952,77023728
16832,20194352,20563272,40757624
1999520092,21126352,20513192,41639544
3999531176,30813296,20513192,51326488
5999513934,49743928,20513192,70257120
8000458972,39656800,20513192,60169992
10000511930,37795456,20513192,58308648
12001498431,18718320,20518016,39236336
14001525936,18738216,20518016,39256232
16001521420,18747704,20518016,39265720
18002126130,18747704,20518016,39265720
20002136803,18747704,20518016,39265720
22002169235,18747704,20518016,39265720
24002164309,18747704,20518016,39265720
26002190172,18747704,20523392,39271096
28002345352,18747704,20517952,39265656
30002687323,18747704,20517952,39265656
32003402874,18784304,20514416,39298720
34003632360,18793792,20461688,39255480
18063,19195176,20505808,39700984
1999730693,28892192,20527408,49419600
3999823062,16886112,20527408,37413520
5999866168,17897736,20527408,38425144
8000135064,31147080,20527408,51674488
10000170780,23496768,20527408,44024176
12000184328,37847720,20527408,58375128
14000272591,37847720,20527408,58375128
16000596499,37847720,20527408,58375128
18000614562,37847720,20527408,58375128
20001624463,37847720,20527408,58375128
22001714369,37847720,20527408,58375128
24001658537,37847720,20527408,58375128
26001649916,37847720,20527408,58375128
28001769380,37847720,20527408,58375128
30002285825,37847720,20527408,58375128
32002654891,37878512,20553424,58431936
34002706207,37892912,20553424,58446336
52137,19329184,20608144,39937328
2000243854,36932088,20625032,57557120
4000218401,29310688,20625032,49935720
6000298044,22120600,20625032,42745632
8001061217,38593304,20627336,59220640
10001544409,31008696,20627336,51636032
12001676189,19687552,20627336,40314888
14001818643,19702504,20627336,40329840
16002602342,19715448,20627336,40342784
18002752185,19715448,20627336,40342784
20002732069,19715448,20627336,40342784
22003673412,19715448,20627336,40342784
24004648008,19715448,20627336,40342784
26005306496,19715448,20635880,40351328
28005362328,19715448,20635880,40351328
30005357402,19715448,20635880,40351328
32006248250,19757816,20635880,40393696
34006420672,19757816,20635880,40393696
19705,18793896,20657056,39450952
1999698672,19122776,20657056,39779832
3999729872,19616304,20657056,40273360
5999723714,20109208,20657056,40766264
8000384666,20603280,20657056,41260336
10000519730,21102480,20657056,41759536
12000557088,21929752,20657056,42586808
14000579256,22423072,20657056,43080128
16001059165,22916552,20657056,43573608
18001147839,23410464,20660744,44071208
20001387177,23904720,20660744,44565464
22001474209,24402776,20660744,45063520
24001523473,24895768,20660744,45556512
26001537020,25888240,20660744,46548984
28001546462,27208792,20660744,47869536
30002402005,27702072,20660744,48362816
32002444700,28200152,20660744,48860896
34002444289,28528800,20660744,49189544
36002452089,29022712,20660744,49683456
38002473026,29351320,20660744,50012064
40002580585,29849880,20660744,50510624
42002586332,30349008,20660744,51009752
44003059672,30842048,20660744,51502792
46003242357,31341184,20660744,52001928
48004207511,31839328,20660744,52500072
50004676335,32337600,20660744,52998344
52004722725,32830704,20660744,53491448
54004738325,33494408,20660744,54155152
56004769525,34157104,20660744,54817848
58005219465,34650152,20660744,55310896
60005559383,35307624,20660744,55968368
62006388240,35801752,20660744,56462496
64006448588,36136600,20660744,56797344
66006461725,36629824,20660744,57290568
68007440837,37292520,20660744,57953264
70007457668,37785512,20660744,58446256
72007631322,38474200,20660744,59134944
74007681817,116170344,20665992,136836336
76007688386,117088056,20665992,137754048
78008381358,117088056,20665992,137754048
80008394495,117088056,20665992,137754048
82008503696,117088056,20665992,137754048
84008550907,117088056,20665992,137754048
86008612486,117088056,20665992,137754048
88008760277,117088056,20665992,137754048
90008690897,117088056,20665992,137754048
92009289448,117088056,20666888,137754944
16010,26686816,20720896,47407712
1999889157,48086024,20720896,68806920
4000482782,65997928,20720896,86718824
6000504540,84443744,20720896,105164640
8000831321,106830064,20720896,127550960
10000851437,18939344,20720896,39660240
12001630621,31867080,20720896,52587976
14002289519,31867080,20720896,52587976
16002381067,31867080,20720896,52587976
18002889713,31867080,20720896,52587976
20003492780,31867080,20720896,52587976
22003517001,31867080,20720896,52587976
24003599517,31867080,20720896,52587976
26003938204,31867080,20720896,52587976
28004145931,31867080,20720896,52587976
30005088095,31867080,20720896,52587976
32005395171,31867080,20720896,52587976
34005899711,31919048,20720896,52639944
19706,19660264,20812528,40472792
1999623135,21815304,20812528,42627832
3999925694,26114816,20812528,46927344
6000675320,26832376,20812528,47644904
8001146197,28265504,20812528,49078032
10001199566,28982840,20812528,49795368
12001514031,29699392,20812528,50511920
14002515721,31132760,20812528,51945288
16003310505,31849384,20812528,52661912
18003354021,32565952,20812528,53378480
20003903309,33282504,20812528,54095032
22003929583,34004160,20812528,54816688
24003952573,34720712,20812528,55533240
26004036320,35437256,20812528,56249784
28004132384,36153872,20812528,56966400
30004148805,36870424,20812528,57682952
32004175079,37586992,20812528,58399520
34004178774,38303576,20812528,59116104
36004602440,39741856,20812528,60554384
38004611061,39741856,20812528,60554384
40005395582,40458648,20812528,61271176
42006295872,41892264,20812528,62704792
44006352114,42613920,20812528,63426448
46006413693,43330560,20812528,64143088
48006478557,44047352,20812528,64859880
50007219151,44763920,20812528,65576448
52007329994,46197184,20812528,67009712
54007256099,46913744,20812528,67726272
56007295099,47630688,20812528,68443216
58007771723,49063968,20812528,69876496
60008714297,49780512,20812528,70593040
62009324343,82338112,20815856,103153968
64009469260,45367456,20816432,66183888
66010414298,45806904,20816432,66623336
68010434003,45806904,20816432,66623336
70010442214,45806904,20816432,66623336
72011023112,45806904,20816432,66623336
74011004228,45806904,20816432,66623336
76011017365,45806904,20816432,66623336
78011053081,45806904,20816432,66623336
80011034196,45806904,20816432,66623336
16422,32393648,20875856,53269504
1999426491,172839800,20883472,193723272
3999452355,123473048,20883472,144356520
5999885873,76596088,20883472,97479560
7999895726,216746816,20883472,237630288
10000888795,124691032,20883472,145574504
12001839170,138649288,20883472,159532760
14001858875,138649288,20883472,159532760
16001872833,138649288,20883472,159532760
18001891718,138649288,20883472,159532760
20002902029,138649288,20883472,159532760
22003408622,138649288,20883472,159532760
24004324101,138649288,20883472,159532760
26004372133,138649288,20883472,159532760
28004477229,138649288,20883472,159532760
30004497345,138649288,20883472,159532760
32004954263,138649288,20883472,159532760
34005954312,138649288,20883472,159532760
18885,22780552,20909672,43690224
2000089496,163442904,20913832,184356736
4000773437,82515936,20913832,103429768
6001058754,222066472,20913832,242980304
8001612968,150755856,20913832,171669688
10002246825,84973368,20913832,105887200
12002285004,98632104,20913832,119545936
14002455374,98632104,20913832,119545936
16002930766,98632104,20913832,119545936
18003827361,98632104,20913832,119545936
20003945183,98632104,20913832,119545936
22003969815,98632104,20913832,119545936
24003980899,98632104,20913832,119545936
26003989110,98632104,20913832,119545936
28004403744,98632104,20913832,119545936
30004438229,98632104,20913832,119545936
32005349603,98662920,20913832,119576752
34005366845,98662920,20913832,119576752
24632,20718728,20933208,41651936
1989612797,21707248,20968792,42676040
3989745809,22695560,20968792,43664352
5989844746,23688976,20968792,44657768
7989951484,24677296,20968792,45646088
10036932413,24677296,20968792,45646088
12036975929,25665608,20968792,46634400
14037121667,26655056,20968792,47623848
16038528139,26655056,20968792,47623848
18038598339,27643384,20968792,48612176
20038715751,28636800,20968792,49605592
22038791699,28636800,20968792,49605592
24038871341,29625168,20968792,50593960
26039006816,30613480,20968792,51582272
28039103290,30613480,20968792,51582272
30039179238,31602928,20968792,52571720
32039304449,32591240,20968792,53560032
34039398460,32591240,20968792,53560032
36039459629,33580560,20968792,54549352
38039561030,34569000,20968792,55537792
40039683367,35557304,20968792,56526096
42039736326,36546176,20968792,57514968
44039850453,37534488,20968792,58503280
46039972380,38527904,20973592,59501496
48040077065,38527904,20973592,59501496
50040161634,39516272,20973592,60489864
52040295055,40504584,20973592,61478176
54040367719,40504584,20973592,61478176
56040455983,41492888,20973592,62466480
58040527415,127514816,20973592,148488408
60040651805,125912344,20973592,146885936
62040743764,126480376,20973592,147453968
64040842291,126480376,20973592,147453968
66040908386,126480376,20973592,147453968
68041019639,126480376,20973592,147453968
70041130892,126480376,20973592,147453968
72042578417,126526720,21007136,147533856
32432,24864720,21022480,45887200
1985229991,114605256,21043240,135648496
3985275970,206431392,21043240,227474632
5985269402,91493256,21043240,112536496
7985362592,184764816,21043240,205808056
9985458656,76374296,21043240,97417536
11985548562,168419584,21043240,189462824
13985691015,37388464,21043240,58431704
15987183288,41003000,21043240,62046240
17987301931,41003000,21043240,62046240
19987395942,41003000,21043240,62046240
21987462037,44207368,21043240,65250608
23987547016,44207368,21043240,65250608
25987676743,44207368,21043240,65250608
27987832334,44207368,21043240,65250608
29987868460,47411736,21043240,68454976
31987983819,47411736,21043240,68454976
33988071262,47411736,21043240,68454976
35988141462,47411736,21043240,68454976
37988240400,50616104,21043240,71659344
39988354527,50616104,21043240,71659344
41988407074,50616104,21043240,71659344
43988529001,50616104,21043240,71659344
45988621781,50616104,21043240,71659344
47988748224,53825576,21043240,74868816
49988832793,53825576,21043240,74868816
51988916130,53825576,21043240,74868816
53989079110,53825576,21043240,74868816
55989136995,57029960,21043240,78073200
57989215816,57029960,21043240,78073200
59989352112,57029960,21043240,78073200
61989397681,92288880,21043240,113332120
63989501134,101903000,21043240,122946240
65989611566,101903000,21043240,122946240
67989712556,105107384,21043240,126150624
69989818062,105107384,21043240,126150624
71989892368,105107384,21043240,126150624
73990013064,105107384,21043240,126150624
75990088601,108311744,21043240,129354984
77990208886,108311744,21043240,129354984
79990304539,108311744,21043240,129354984
81990368992,111516120,21043240,132559360
83990451919,111516120,21043240,132559360
85990570972,111516120,21043240,132559360
87990680994,111516120,21043240,132559360
89990742573,114720488,21043240,135763728
91990835763,114720488,21043240,135763728
93990929364,149969632,21041384,171011016
95991059502,149969632,21041384,171011016
97991160902,149969632,21041384,171011016
99991246292,149969632,21041384,171011016
101991377251,149969632,21041384,171011016
103991445399,149969632,21041384,171011016
105991539821,149969632,21041384,171011016
107991673653,149969632,21041384,171011016
109991727432,149969632,21041384,171011016
111993303042,150009936,21041384,171051320
37769,21389440,21126528,42515968
1995911132,111983240,21145408,133128648
3995997754,21399848,21145408,42545256
5996089712,113350024,21153536,134503560
7996194808,29750176,21165248,50915424
9996281429,123333960,21165248,144499208
11996383651,44219440,21165248,65384688
13996513789,137590456,21165248,158755704
15998088167,50444648,21181312,71625960
17998179715,50732600,21181312,71913912
19998284400,50732600,21181312,71913912
21998380874,50732600,21181312,71913912
23998480222,50732600,21181312,71913912
25998580391,50732600,21181312,71913912
27998687950,50732600,21181312,71913912
29998772519,50732600,21181312,71913912
32001284135,50784832,21182400,71967232
41053,19598880,21227136,40826016
1997235088,110009720,21235392,131245112
3997362763,47021720,21235392,68257112
5997641922,139445432,21235392,160680824
7997503574,82219304,21235392,103454696
9997693238,30114144,21235392,51349536
11997750713,121619728,21235392,142855120
13997940377,75251552,21235392,96486944
16000346076,18878656,21235392,40114048
18000454045,18936448,21235392,40171840
20000537383,18936448,21235392,40171840
22000650689,18943592,21235392,40178984
24000740184,18943592,21235392,40178984
26000849795,18943592,21235392,40178984
28000951606,18943592,21235392,40178984
30001232408,18943592,21235392,40178984
32002578533,18998240,21237224,40235464
39000,19045424,21298992,40344416
1991623157,109588888,21309656,130898544
3991707316,74579080,21309656,95888736
5991818980,44962712,21309656,66272368
7991906422,17483920,21309656,38793576
9991987707,110056848,21309656,131366504
11992092802,87553176,21309656,108862832
13992202414,68517600,21309656,89827256
15994744409,39122584,21309656,60432240
17994846220,39212840,21309656,60522496
19994954600,39212840,21309656,60522496
21995055590,39219128,21309656,60528784
23995156580,39219128,21309656,60528784
25995231707,39219128,21309656,60528784
27995342549,39219128,21309656,60528784
29995443539,39219128,21309656,60528784
31996952233,39258248,21309656,60567904
33997069234,39270848,21309656,60580504
34484,20057672,21319176,41376848
1989284374,110151904,21366536,131518440
3989403427,100962240,21366536,122328776
5989380438,94329336,21366536,115695872
7989457617,92207320,21366536,113573856
9989530281,91910360,21366536,113276896
11989653439,94314552,21366536,115681088
13989735956,17044072,21366536,38410608
15991322650,93147440,21366536,114513976
17991388745,93147440,21366536,114513976
19991506977,93147440,21366536,114513976
21991572662,93147440,21366536,114513976
23991697463,93147440,21366536,114513976
25991777927,93147440,21366536,114513976
27991886717,93147440,21366536,114513976
29991996738,93147440,21366536,114513976
31993537864,93183704,21366536,114550240
33993678675,93193056,21366536,114559592
12045339,38582888,15663904,54246792
2025998817,60321408,19952384,80273792
4037591342,76506360,20484208,96990568
6040224477,97178560,20761136,117939696
8052465228,52599776,20891400,73491176
10060622444,137389032,21075240,158464272
12097812700,73418360,21244520,94662880
14110633939,21271112,21265384,42536496
16111412302,105576552,21360616,126937168
18112725996,70321560,21381192,91702752
20119820763,71018632,21334656,92353288
22121792124,71018632,21334656,92353288
24133002036,71018632,21334656,92353288
26139295039,71018632,21334656,92353288
28140468742,71018632,21272336,92290968
30141585382,71018632,21273008,92291640
32142785359,71075240,21290584,92365824
16209089,38573912,15554624,54128536
2016765443,54317488,19630328,73947816
4017124229,136687144,20573696,157260840
6017534759,145867464,20870040,166737504
8017999171,21639152,20932568,42571720
10018414832,39737624,21029384,60767008
12019258985,51658696,21082920,72741616
14020002215,51658696,21082920,72741616
16020714228,51658696,21083752,72742448
18021063178,51658696,21105440,72764136
20021731144,51658696,21105440,72764136
22021814106,51658696,21105440,72764136
24021873119,51658696,21105440,72764136
26022224636,51658696,21105440,72764136
28022358486,51658696,21106928,72765624
30022760035,51658696,21107600,72766296
32022835299,51718392,21124048,72842440
25231,22571216,21251776,43822992
1999600589,43442568,21197440,64640008
4000534544,66947800,21224320,88172120
6000743658,97096984,21240464,118337448
8001036588,25472928,21282640,46755568
10001220044,64292888,21359952,85652840
12001981235,81503048,21361656,102864704
14002020577,81503048,21361656,102864704
16002353277,81503048,21361656,102864704
18003126014,81503048,21361656,102864704
20004004377,81503048,21361656,102864704
22004048424,81503048,21361656,102864704
24004115990,81503048,21362552,102865600
26004302439,81503048,21366976,102870024
28004476914,81503048,21366976,102870024
30004815174,81503048,21366976,102870024
32005445936,81503048,21379952,102883000
34005557121,81503048,21387056,102890104
19671,20433640,20386296,40819936
1999568088,64422808,19486936,83909744
3999589470,20067312,19492440,39559752
6000398556,74115976,19494232,93610208
8001314551,47551192,19494232,67045424
10001433006,31941280,19494232,51435512
12001996201,48135528,19494232,67629760
14002741142,48135528,19494232,67629760
16002720616,48135528,19494232,67629760
18003476675,48135528,19504312,67639840
20004144641,48135528,19504312,67639840
22005191065,48135528,19504312,67639840
24005329191,48135528,19504312,67639840
26006265285,48135528,19506552,67642080
28006572755,48135528,19506552,67642080
30006644597,48135528,19506552,67642080
32007256971,48135528,19504216,67639744
34007770561,48135528,19500600,67636128
28224,20481048,19456824,39937872
2001533073,86084424,19617856,105702280
4001368434,17767096,19622592,37389688
6001771694,28545064,19648896,48193960
8002638510,46828784,19669120,66497904
10003326148,70006848,19669120,89675968
12003705461,31957912,19669120,51627032
14003701612,31979496,19669120,51648616
16004071944,31979496,19669120,51648616
18004473066,31979496,19669120,51648616
20004898136,31979496,19669120,51648616
22004990077,31986864,19676112,51662976
24005733307,31986864,19688736,51675600
26005719195,31986864,19688736,51675600
28005754262,31986864,19688736,51675600
30005793604,31986864,19689440,51676304
32006404695,31986864,19689440,51676304
34007172728,32033240,19731928,51765168
25570871,39983256,16502984,56486240
2049994825,35502088,18620584,54122672
4050140649,83796552,19526608,103323160
6050270222,93780360,19848592,113628952
8050288611,105222904,19960960,125183864
10050375421,121244808,19984704,141229512
12050453250,123689392,20035040,143724432
14050528086,123689392,20035040,143724432
16051016873,123689392,20035040,143724432
18051051512,123689392,20053912,143743304
20051134045,123689392,20053912,143743304
22051126348,123689392,20054232,143743624
24051142598,123689392,20054104,143743496
26051180658,123689392,20055592,143744984
28051650629,123689392,20055592,143744984
30051943131,123689392,20052744,143742136
32052357510,123830624,20064392,143895016
29507,22356368,20050704,42407072
2000415662,34969248,20151392,55120640
4001245701,60159232,20177888,80337120
6002221565,91239176,20184048,111423224
8002919038,17946936,20184048,38130984
10002807425,57126808,20247344,77374152
12003051177,81294952,20249560,101544512
14003195290,81294952,20249560,101544512
16004192963,81294952,20249560,101544512
18004359741,81294952,20249560,101544512
20005131194,81294952,20249560,101544512
22006141696,81294952,20250264,101545216
19547219,38893992,15688640,54582632
2034310480,42634512,17919472,60553984
4034805255,66756568,18461728,85218296
6035126409,23567568,18973544,42541112
8054942611,23336264,19477160,42813424
10055345871,85604744,19807280,105412024
12056368776,260586368,19932704,280519072
14056940952,238481784,20089096,258570880
16057371581,240872048,20222984,261095032
18057522536,240872048,20244672,261116720
20057525530,240872048,20244672,261116720
22058381228,240872048,20244672,261116720
24058432972,240872048,20244672,261116720
26059653872,240872048,20244672,261116720
28062645610,240872048,20246160,261118208
30063478644,240872048,20246832,261118880
32063933220,240872048,20266456,261138504
45329,35334200,20419120,55753320
2002728314,163885088,20276592,184161680
4031351670,305507888,20158384,325666272
6031624501,447131008,20164544,467295552
8032739347,145724680,20166208,165890888
10033627974,287456744,19562752,307019496
12033619421,328704432,19484840,348189272
14034333572,328704432,19484840,348189272
16035156343,328704432,19484840,348189272
18035571577,328704432,19484840,348189272
20036526060,328704432,19484840,348189272
22170821573,328704432,19484840,348189272
24170816869,328704432,19484840,348189272
26176273071,328704432,19378120,348082552
28177375943,328704432,19250824,347955256
30177859171,328704432,19220104,347924536
32180923179,328704432,19232176,347936608
53026,25350744,19209568,44560312
2001123826,166732584,19394368,186126952
4001809326,306036752,19378048,325414800
6002770650,36281144,19379392,55660536
8003743093,177836752,19385792,197222544
10004485469,323255112,19401984,342657096
12004543627,338363320,19401984,357765304
14004976822,338363320,19401984,357765304
16005033270,338363320,19401984,357765304
18005043961,338363320,19401984,357765304
20005041822,338363320,19401984,357765304
22005070902,338363320,19401984,357765304
24005720480,338363320,19401984,357765304
26005876139,338363320,19404232,357767552
28006013410,338363320,19404232,357767552
30007000393,338363320,19404232,357767552
32007842835,338363320,19405288,357768608
34008539881,338363320,19467296,357830616
46612,25032936,19618104,44651040
2000654282,163973280,19693048,183666328
4001454388,302926072,19692728,322618800
6002649629,53843496,19699128,73542624
8002804433,198238000,19690232,217928232
10002891243,337039616,19690232,356729848
12003465986,355806216,19690232,375496448
14003495065,355806216,19690232,375496448
16004259249,355806216,19690232,375496448
18005930021,355806216,19690232,375496448
20016425908,355806216,19690232,375496448
22020166863,355806216,19690232,375496448
24020376832,355884808,19702472,375587280
26020433708,355884808,19705536,375590344
28020463214,355884808,19705536,375590344
30021055062,355884808,19692224,375577032
32021165392,355884808,19692224,375577032
34021519474,355884808,19676208,375561016
971160,38137768,15249424,53387192
2001549751,21546904,18036536,39583440
4018145003,52452072,18660664,71112736
6018721455,47339168,19254200,66593368
8019650707,105660680,19817728,125478408
10020017619,202110056,20100624,222210680
12020294726,173772928,20175312,193948240
14020737757,173901720,20223312,194125032
16020762560,175539232,20223312,195762544
18020810883,175539232,20245000,195784232
20021638785,175539232,20245000,195784232
22022408956,175539232,20245000,195784232
24022884487,175539232,20245000,195784232
26023182977,175539232,20241176,195780408
28903230786,175539232,20241176,195780408
30911297703,175539232,20238072,195777304
32912560083,175646016,20228344,195874360
183456,32516760,20395776,52912536
2000345102,171589480,20409344,191998824
4000425498,312397920,20210816,332608736
6000792837,113161672,20222160,133383832
8000900601,255258856,20222160,275481016
10001645114,45030728,20315280,65346008
12002431964,65753640,20316984,86070624
14002463609,65753640,20318520,86072160
16002486273,65753640,20318520,86072160
18002535451,65753640,20318520,86072160
20002612426,65753640,20318520,86072160
22002719335,65753640,20319352,86072992
