63107123,0,0,0
2063401473,1593750000,78125000,1671875000
4064449968,2125000000,109375000,2234375000
6065254197,2656250000,125000000,2781250000
8066099889,3078125000,171875000,3250000000
10066908634,3468750000,187500000,3656250000
12067416049,3500000000,187500000,3687500000
14068276520,3500000000,187500000,3687500000
16068923516,3500000000,187500000,3687500000
18069513038,3500000000,187500000,3687500000
20069883336,3500000000,187500000,3687500000
22070098454,3500000000,187500000,3687500000
24070170297,3500000000,187500000,3687500000
26071009420,3500000000,187500000,3687500000
28072625678,3500000000,187500000,3687500000
30073260768,3500000000,187500000,3687500000
4106,15625000,0,15625000
2000024222,484375000,31250000,515625000
4000248371,812500000,78125000,890625000
6000607585,1125000000,78125000,1203125000
8000802177,1609375000,125000000,1734375000
10000838714,2109375000,125000000,2234375000
12001740649,2140625000,125000000,2265625000
14002102326,2140625000,125000000,2265625000
16002945966,2140625000,125000000,2265625000
18003040388,2140625000,125000000,2265625000
20003074051,2140625000,125000000,2265625000
22003999386,2140625000,125000000,2265625000
24004532665,2140625000,125000000,2265625000
26004725614,2140625000,125000000,2265625000
28005377947,2140625000,125000000,2265625000
30006301640,2140625000,125000000,2265625000
32006926467,2140625000,125000000,2265625000
3694,0,0,0
2000904808,406250000,15625000,421875000
4001636784,750000000,62500000,812500000
6002275569,1093750000,140625000,1234375000
8003087187,1500000000,171875000,1671875000
10003161493,1843750000,187500000,2031250000
12003820394,1875000000,187500000,2062500000
14004363936,1875000000,187500000,2062500000
16004911994,1875000000,187500000,2062500000
18005690770,1875000000,187500000,2062500000
20006013447,1875000000,187500000,2062500000
22006246218,1875000000,187500000,2062500000
24006288092,1875000000,187500000,2062500000
26006723254,1875000000,187500000,2062500000
28007644484,1875000000,187500000,2062500000
30008115362,1875000000,187500000,2062500000
32008263153,1875000000,187500000,2062500000
4926,0,0,0
1999812798,406250000,31250000,437500000
4000084979,843750000,62500000,906250000
6000752912,1234375000,93750000,1328125000
8001016473,1625000000,109375000,1734375000
10001757480,1968750000,140625000,2109375000
12001982861,1984375000,140625000,2125000000
14002096167,1984375000,140625000,2125000000
16002507519,1984375000,140625000,2125000000
18003351158,1984375000,140625000,2125000000
20003644687,1984375000,140625000,2125000000
22004611076,1984375000,140625000,2125000000
24005010111,1984375000,140625000,2125000000
26005315546,1984375000,140625000,2125000000
28006123469,1984375000,140625000,2125000000
30006706012,1984375000,140625000,2125000000
32008174889,1984375000,140625000,2125000000
3284,0,0,0
2000366604,296875000,31250000,328125000
4000425309,671875000,78125000,750000000
6000747165,1093750000,125000000,1218750000
8000690922,1484375000,140625000,1625000000
10001484067,1875000000,156250000,2031250000
12001938934,1890625000,156250000,2046875000
14002082210,1890625000,156250000,2046875000
16002609330,1890625000,156250000,2046875000
18003068303,1890625000,156250000,2046875000
20003294916,1890625000,156250000,2046875000
22003353622,1890625000,156250000,2046875000
24003442707,1890625000,156250000,2046875000
26004095861,1890625000,156250000,2046875000
28004609023,1890625000,156250000,2046875000
30005056912,1890625000,156250000,2046875000
32005077849,1890625000,156250000,2046875000
155630382,0,0,0
2162071601,1625000000,78125000,1703125000
4162493627,2312500000,125000000,2437500000
6163029779,2812500000,156250000,2968750000
8163439899,2984375000,171875000,3156250000
10163477668,3406250000,187500000,3593750000
12163886556,3453125000,203125000,3656250000
14164074168,3453125000,203125000,3656250000
16164708437,3453125000,203125000,3656250000
18164726501,3453125000,203125000,3656250000
20165170694,3453125000,203125000,3656250000
22165417013,3453125000,203125000,3656250000
24165432202,3453125000,203125000,3656250000
26165759395,3453125000,203125000,3656250000
28166403106,3453125000,203125000,3656250000
30167323926,3453125000,203125000,3656250000
2874,0,0,0
1999596038,328125000,0,328125000
3999855083,609375000,46875000,656250000
6000760302,953125000,93750000,1046875000
8001135937,1296875000,125000000,1421875000
10001438909,1578125000,140625000,1718750000
12002186074,1640625000,140625000,1781250000
14002207421,1640625000,140625000,1781250000
16003062967,1640625000,140625000,1781250000
18003899627,1640625000,140625000,1781250000
20004315084,1640625000,140625000,1781250000
22004903374,1640625000,140625000,1781250000
24004825784,1640625000,140625000,1781250000
26004843847,1640625000,140625000,1781250000
28005762614,1640625000,140625000,1781250000
30005783140,1640625000,140625000,1781250000
32006081596,1640625000,140625000,1781250000
2463,0,0,0
2000254940,375000000,31250000,406250000
4000988147,703125000,46875000,750000000
6000981168,1109375000,62500000,1171875000
8001312055,1562500000,62500000,1625000000
10001954124,2000000000,93750000,2093750000
12002054294,2015625000,93750000,2109375000
14001975472,2015625000,93750000,2109375000
16002865501,2015625000,93750000,2109375000
18002882744,2015625000,93750000,2109375000
20002988250,2015625000,93750000,2109375000
22003291632,2015625000,93750000,2109375000
24003194336,2015625000,93750000,2109375000
26003295327,2015625000,93750000,2109375000
28003646741,2015625000,93750000,2109375000
30003644277,2015625000,93750000,2109375000
32003638119,2015625000,93750000,2109375000
3695,0,0,0
1999747524,625000000,31250000,656250000
4000084569,1234375000,62500000,1296875000
6000419973,1796875000,140625000,1937500000
8000753734,2421875000,140625000,2562500000
10001098169,2421875000,140625000,2562500000
12001420435,2890625000,171875000,3062500000
14001759943,2890625000,171875000,3062500000
16002089599,2890625000,171875000,3062500000
18002593320,2890625000,171875000,3062500000
20002863859,2890625000,171875000,3062500000
22007734801,2890625000,171875000,3062500000
24009438091,2890625000,171875000,3062500000
26009765694,2890625000,171875000,3062500000
28010103971,2890625000,171875000,3062500000
30010438553,2890625000,171875000,3062500000
32010770672,2890625000,171875000,3062500000
2873,0,0,0
1999970031,390625000,62500000,453125000
4000306255,906250000,78125000,984375000
6000639195,1390625000,78125000,1468750000
8000965567,1859375000,78125000,1937500000
10001314517,2343750000,109375000,2453125000
12001639247,2343750000,109375000,2453125000
14001997229,2343750000,109375000,2453125000
16002327706,2343750000,109375000,2453125000
18002636835,2343750000,109375000,2453125000
20002973470,2343750000,109375000,2453125000
22003315031,2343750000,109375000,2453125000
24003649614,2343750000,109375000,2453125000
26003985838,2343750000,109375000,2453125000
28004315904,2343750000,109375000,2453125000
30004653771,2343750000,109375000,2453125000
32005021606,2343750000,109375000,2453125000
2464,15625000,0,15625000
1999891210,562500000,31250000,593750000
4000228666,1140625000,46875000,1187500000
6000560785,1703125000,78125000,1781250000
8000893314,2234375000,93750000,2328125000
10001230360,2796875000,140625000,2937500000
12001563710,2796875000,140625000,2937500000
14001904040,2796875000,140625000,2937500000
16002233285,2796875000,140625000,2937500000
18002564583,2796875000,140625000,2937500000
20002903270,2796875000,140625000,2937500000
22003255916,2796875000,140625000,2937500000
24003576129,2796875000,140625000,2937500000
26003905785,2796875000,140625000,2937500000
28004260894,2796875000,140625000,2937500000
30004574539,2796875000,140625000,2937500000
32004914458,2796875000,140625000,2937500000
2873,0,0,0
1999730692,546875000,0,546875000
4000061990,1343750000,78125000,1421875000
6000393288,1937500000,109375000,2046875000
8000735670,2406250000,125000000,2531250000
10001073126,2890625000,156250000,3046875000
12001395392,2890625000,156250000,3046875000
14001734490,2890625000,156250000,3046875000
16002079335,2890625000,156250000,3046875000
18002424591,2890625000,156250000,3046875000
20002737826,2890625000,156250000,3046875000
22003091293,2890625000,156250000,3046875000
24003408632,2890625000,156250000,3046875000
26003759225,2890625000,156250000,3046875000
28004082313,2890625000,156250000,3046875000
30004408274,2890625000,156250000,3046875000
32004747372,2890625000,156250000,3046875000
2874,0,0,0
1999621902,531250000,0,531250000
3999951968,1015625000,15625000,1031250000
6002291991,1546875000,15625000,1562500000
8002631910,2015625000,31250000,2046875000
10002960334,2515625000,31250000,2546875000
12003294916,2531250000,31250000,2562500000
14005653002,2531250000,31250000,2562500000
16005988816,2531250000,31250000,2562500000
18006300408,2531250000,31250000,2562500000
20006633348,2531250000,31250000,2562500000
22006967931,2531250000,31250000,2562500000
24007316471,2531250000,31250000,2562500000
26007644484,2531250000,31250000,2562500000
28007993435,2531250000,31250000,2562500000
30008324322,2531250000,31250000,2562500000
32008641252,2531250000,31250000,2562500000
2463,0,0,0
2000406836,484375000,0,484375000
4000760302,921875000,15625000,937500000
6001078053,1312500000,15625000,1328125000
8001411814,1718750000,15625000,1734375000
10001741880,2109375000,15625000,2125000000
12002079747,2109375000,15625000,2125000000
14002433624,2109375000,15625000,2125000000
16002748911,2109375000,15625000,2125000000
18003083904,2109375000,15625000,2125000000
20003418896,2109375000,15625000,2125000000
22003754299,2109375000,15625000,2125000000
24004086008,2109375000,15625000,2125000000
26004419359,2109375000,15625000,2125000000
28004749835,2109375000,15625000,2125000000
30005110692,2109375000,15625000,2125000000
32005429674,2109375000,15625000,2125000000
3284,0,0,0
2000418330,390625000,0,390625000
4000744702,750000000,31250000,781250000
6001100632,1187500000,46875000,1234375000
8001413045,1531250000,62500000,1593750000
10001755427,1968750000,78125000,2046875000
12002082620,1968750000,78125000,2046875000
14002437318,1968750000,78125000,2046875000
16002748911,1968750000,78125000,2046875000
18003083903,1968750000,78125000,2046875000
20003468160,1968750000,78125000,2046875000
22003799868,1968750000,78125000,2046875000
24004185767,1968750000,78125000,2046875000
26004513780,1968750000,78125000,2046875000
28004840152,1968750000,78125000,2046875000
30005185408,1968750000,78125000,2046875000
32005508495,1968750000,78125000,2046875000
4516,0,0,0
1999635039,437500000,31250000,468750000
3999990148,890625000,31250000,921875000
6000300508,1312500000,46875000,1359375000
8000645354,1703125000,46875000,1750000000
10000975420,2093750000,62500000,2156250000
12001325603,2093750000,62500000,2156250000
14001637605,2093750000,62500000,2156250000
16001976293,2093750000,62500000,2156250000
18002318675,2093750000,62500000,2156250000
20002639710,2093750000,62500000,2156250000
22002999334,2093750000,62500000,2156250000
24003315443,2093750000,62500000,2156250000
26003653720,2093750000,62500000,2156250000
28003978039,2093750000,62500000,2156250000
30004312621,2093750000,62500000,2156250000
32004657877,2093750000,62500000,2156250000
4516,0,0,0
1999892441,406250000,0,406250000
4000004105,828125000,46875000,875000000
6000022168,1171875000,78125000,1250000000
8000330887,1578125000,93750000,1671875000
10000414225,2046875000,109375000,2156250000
12000420793,2125000000,109375000,2234375000
14000846924,2125000000,109375000,2234375000
16000860471,2125000000,109375000,2234375000
18001064915,2125000000,109375000,2234375000
20001079694,2125000000,109375000,2234375000
22001834249,2125000000,109375000,2234375000
24001846975,2125000000,109375000,2234375000
26001859291,2125000000,109375000,2234375000
28001864628,2125000000,109375000,2234375000
30002561709,2125000000,109375000,2234375000
32003377843,2125000000,109375000,2234375000
2874,0,0,0
2000230718,390625000,0,390625000
4000349772,687500000,31250000,718750000
6000833787,1062500000,46875000,1109375000
8001168369,1468750000,93750000,1562500000
10002067841,1859375000,109375000,1968750000
12002711963,1937500000,109375000,2046875000
14002822806,1937500000,109375000,2046875000
16002741521,1937500000,109375000,2046875000
18002843333,1937500000,109375000,2046875000
20002872891,1937500000,109375000,2046875000
22003737878,1937500000,109375000,2046875000
24004181661,1937500000,109375000,2046875000
26004283473,1937500000,109375000,2046875000
28004404579,1937500000,109375000,2046875000
30004439064,1937500000,109375000,2046875000
32004738751,1937500000,109375000,2046875000
2874,0,0,0
1999277056,375000000,31250000,406250000
3999373941,781250000,62500000,843750000
5999763124,1156250000,62500000,1218750000
8000250424,1578125000,125000000,1703125000
10001319855,1937500000,140625000,2078125000
12002107252,1984375000,171875000,2156250000
14002809669,1984375000,171875000,2156250000
16003176273,1984375000,171875000,2156250000
18003289990,1984375000,171875000,2156250000
20004233388,1984375000,171875000,2156250000
22004919795,1984375000,171875000,2156250000
24004936216,1984375000,171875000,2156250000
26005909994,1984375000,171875000,2156250000
28006010163,1984375000,171875000,2156250000
30006987636,1984375000,171875000,2156250000
2463,0,0,0
2000468004,312500000,62500000,375000000
4001364602,609375000,62500000,671875000
6002302253,1031250000,78125000,1109375000
8002400781,1406250000,78125000,1484375000
10002978807,1718750000,78125000,1796875000
12002987018,1718750000,78125000,1796875000
14003783447,1718750000,78125000,1796875000
16003801099,1718750000,78125000,1796875000
18004745730,1718750000,78125000,1796875000
20004846720,1718750000,78125000,1796875000
22004761330,1718750000,78125000,1796875000
24005691591,1718750000,78125000,1796875000
26005712939,1718750000,78125000,1796875000
28006029868,1718750000,78125000,1796875000
30006817265,1718750000,78125000,1796875000
32007717558,1718750000,78125000,1796875000
2874,0,0,0
2000198286,359375000,125000000,484375000
4000727460,765625000,140625000,906250000
6000807103,1078125000,187500000,1265625000
8001665522,1421875000,218750000,1640625000
10001980809,1828125000,250000000,2078125000
12002636015,1859375000,265625000,2125000000
14002644636,1859375000,265625000,2125000000
16002910660,1859375000,265625000,2125000000
18003013293,1859375000,265625000,2125000000
20002943502,1859375000,265625000,2125000000
22002950071,1859375000,265625000,2125000000
24004014165,1859375000,265625000,2125000000
26004583571,1859375000,265625000,2125000000
28004606150,1859375000,265625000,2125000000
30004709604,1859375000,265625000,2125000000
32005596349,1859375000,265625000,2125000000
2053,15625000,0,15625000
1999942937,390625000,15625000,406250000
4000793555,828125000,31250000,859375000
6001114180,1218750000,46875000,1265625000
8001470520,1484375000,46875000,1531250000
10001503773,1843750000,46875000,1890625000
12001510341,1906250000,46875000,1953125000
14001837534,1906250000,46875000,1953125000
16001869555,1906250000,46875000,1953125000
18002512856,1906250000,46875000,1953125000
20002518193,1906250000,46875000,1953125000
22002548162,1906250000,46875000,1953125000
24002924207,1906250000,46875000,1953125000
26002941039,1906250000,46875000,1953125000
28003068304,1906250000,46875000,1953125000
30004083134,1906250000,46875000,1953125000
32004543339,1906250000,46875000,1953125000
2464,0,0,0
2000096886,312500000,0,312500000
4000985684,734375000,31250000,765625000
6001768154,1000000000,62500000,1062500000
8001776775,1359375000,93750000,1453125000
10002687332,1656250000,140625000,1796875000
12003384001,1671875000,140625000,1812500000
14003312159,1671875000,140625000,1812500000
16003325296,1671875000,140625000,1812500000
18003374149,1671875000,140625000,1812500000
20004085598,1671875000,140625000,1812500000
22005093039,1671875000,140625000,1812500000
24005121776,1671875000,140625000,1812500000
26005219072,1671875000,140625000,1812500000
28006000311,1671875000,140625000,1812500000
30010751377,1671875000,140625000,1812500000
2874,0,0,0
2000156412,406250000,31250000,437500000
4000873198,687500000,93750000,781250000
6000878124,1062500000,109375000,1171875000
8000897009,1437500000,140625000,1578125000
10001666342,1812500000,171875000,1984375000
12001772259,1859375000,171875000,2031250000
14001979577,1859375000,171875000,2031250000
16002641352,1859375000,171875000,2031250000
18002553498,1859375000,171875000,2031250000
20002592088,1859375000,171875000,2031250000
22002583878,1859375000,171875000,2031250000
24002988250,1859375000,171875000,2031250000
26003028071,1859375000,171875000,2031250000
28003102788,1859375000,171875000,2031250000
30003640172,1859375000,171875000,2031250000
32003634424,1859375000,171875000,2031250000
4516,15625000,0,15625000
2000781239,906250000,125000000,1031250000
4000844461,1812500000,203125000,2015625000
6000858008,2625000000,296875000,2921875000
8001399908,3468750000,421875000,3890625000
10001568226,4375000000,500000000,4875000000
12001587521,4468750000,500000000,4968750000
14001749270,4468750000,500000000,4968750000
16002066609,4468750000,500000000,4968750000
18003049830,4468750000,500000000,4968750000
20003417254,4468750000,500000000,4968750000
22003723510,4468750000,500000000,4968750000
24003771542,4468750000,500000000,4968750000
26004647613,4468750000,500000000,4968750000
28004924721,4468750000,500000000,4968750000
30005611128,4468750000,500000000,4968750000
32006139070,4468750000,500000000,4968750000
4516,0,0,0
1999886694,875000000,78125000,953125000
4000847335,1625000000,156250000,1781250000
6001135116,2500000000,203125000,2703125000
8001202033,3437500000,234375000,3671875000
10001609689,4250000000,296875000,4546875000
12002230411,4359375000,312500000,4671875000
14002249295,4359375000,312500000,4671875000
16003101967,4359375000,312500000,4671875000
18003114283,4359375000,312500000,4671875000
20003932880,4359375000,312500000,4671875000
22003979681,4359375000,312500000,4671875000
24003972701,4359375000,312500000,4671875000
26003984196,4359375000,312500000,4671875000
28004017860,4359375000,312500000,4671875000
30004064250,4359375000,312500000,4671875000
32004688256,4359375000,312500000,4671875000
4105,0,0,0
2000643712,984375000,31250000,1015625000
4001314107,2000000000,93750000,2093750000
6001332581,2953125000,125000000,3078125000
8001655669,3968750000,187500000,4156250000
10001658542,4906250000,234375000,5140625000
12001678658,4953125000,234375000,5187500000
14002466466,4953125000,234375000,5187500000
16003136451,4953125000,234375000,5187500000
18003159851,4953125000,234375000,5187500000
20003178736,4953125000,234375000,5187500000
22003466928,4953125000,234375000,5187500000
24003813826,4953125000,234375000,5187500000
26004132398,4953125000,234375000,5187500000
28004498591,4953125000,234375000,5187500000
30004831531,4953125000,234375000,5187500000
32005352904,4953125000,234375000,5187500000
4106,0,0,0
2000238108,796875000,156250000,953125000
4000252476,1703125000,265625000,1968750000
6000286550,2453125000,359375000,2812500000
8000300509,3312500000,468750000,3781250000
10000518090,4171875000,546875000,4718750000
12001072716,4265625000,546875000,4812500000
14001098990,4265625000,546875000,4812500000
16001113358,4265625000,546875000,4812500000
18001131011,4265625000,546875000,4812500000
20001831376,4265625000,546875000,4812500000
22001982861,4265625000,546875000,4812500000
24002996871,4265625000,546875000,4812500000
26003003850,4265625000,546875000,4812500000
28003182020,4265625000,546875000,4812500000
30003828195,4265625000,546875000,4812500000
32003884027,4265625000,546875000,4812500000
4105,15625000,0,15625000
2000458152,921875000,15625000,937500000
4000942167,1828125000,78125000,1906250000
6001653205,2703125000,156250000,2859375000
8001656079,3421875000,234375000,3656250000
10001924155,4250000000,296875000,4546875000
12002630268,4343750000,296875000,4640625000
14002768206,4343750000,296875000,4640625000
16002785858,4343750000,296875000,4640625000
18003103198,4343750000,296875000,4640625000
20003146715,4343750000,296875000,4640625000
22003167652,4343750000,296875000,4640625000
24003495665,4343750000,296875000,4640625000
26003716120,4343750000,296875000,4640625000
28003725562,4343750000,296875000,4640625000
30003730078,4343750000,296875000,4640625000
32004255557,4343750000,296875000,4640625000
4515,0,0,0
2000095653,875000000,31250000,906250000
4000103864,1656250000,156250000,1812500000
6000117822,2500000000,187500000,2687500000
8000249602,3312500000,250000000,3562500000
10000742238,4156250000,312500000,4468750000
12001415097,4234375000,312500000,4546875000
14001592857,4234375000,312500000,4546875000
16001882691,4234375000,312500000,4546875000
18001899934,4234375000,312500000,4546875000
20002824037,4234375000,312500000,4546875000
22002883154,4234375000,312500000,4546875000
24003860216,4234375000,312500000,4546875000
26003895111,4234375000,312500000,4546875000
28004873404,4234375000,312500000,4546875000
30005811876,4234375000,312500000,4546875000
32006540568,4234375000,312500000,4546875000
87191702,0,0,0
2094999577,1171875000,46875000,1218750000
4095649857,2531250000,203125000,2734375000
6095679005,3312500000,281250000,3593750000
8096057924,4031250000,312500000,4343750000
10096618708,4781250000,390625000,5171875000
12097098208,4984375000,406250000,5390625000
14097577297,4984375000,406250000,5390625000
16097956216,4984375000,406250000,5390625000
18098053922,4984375000,406250000,5390625000
20098912341,4984375000,406250000,5390625000
22099209976,4984375000,406250000,5390625000
24099373777,4984375000,406250000,5390625000
26100305270,4984375000,406250000,5390625000
28100641905,4984375000,406250000,5390625000
30101063520,4984375000,406250000,5390625000
131783315,15625000,0,15625000
2145390279,500000000,46875000,546875000
4145465406,500000000,46875000,546875000
6145553259,500000000,46875000,546875000
8145633312,500000000,46875000,546875000
10145746208,500000000,46875000,546875000
12145819692,500000000,46875000,546875000
14146017156,578125000,46875000,625000000
16146029062,578125000,46875000,625000000
18148988971,578125000,46875000,625000000
20149081751,578125000,46875000,625000000
22149179867,578125000,46875000,625000000
24149345721,578125000,46875000,625000000
26149440963,578125000,46875000,625000000
28149536206,578125000,46875000,625000000
30152062598,578125000,46875000,625000000
4927,0,0,0
1988897259,15625000,0,15625000
3988992913,15625000,0,15625000
5989084871,15625000,0,15625000
7989345556,15625000,0,15625000
9989322977,15625000,0,15625000
11989392357,15625000,0,15625000
13989723243,15625000,0,15625000
15991169124,15625000,0,15625000
17991230703,15625000,0,15625000
19991307472,15625000,0,15625000
21991399841,15625000,0,15625000
23991490157,15625000,0,15625000
25991585399,15625000,0,15625000
27991797232,15625000,0,15625000
29991950359,15625000,0,15625000
31993458230,15625000,0,15625000
5747,0,0,0
1996858636,0,0,0
3996958395,0,0,0
5997040090,0,0,0
7997168996,0,0,0
9997236733,0,0,0
11997328281,0,0,0
13997430092,0,0,0
15998971626,0,0,0
17999064816,0,0,0
19999160469,0,0,0
21999252838,0,0,0
23999347670,0,0,0
25999441271,0,0,0
27999535692,0,0,0
29999628882,0,0,0
32001213111,0,0,0
4105,0,0,0
1985267777,0,0,0
3985381494,0,0,0
5985454568,0,0,0
7985552274,0,0,0
9985644642,0,0,0
11985738243,0,0,0
13985836770,0,0,0
15987301946,0,0,0
17987400883,0,0,0
19987492431,0,0,0
21987593831,0,0,0
23987687842,0,0,0
25987932107,0,0,0
27988026528,0,0,0
29988122592,0,0,0
31989783590,0,0,0
5747,0,0,0
1996623404,0,0,0
3996723162,0,0,0
5996792541,0,0,0
7996902973,0,0,0
9996991648,0,0,0
11997085659,0,0,0
13997179259,0,0,0
15998645667,0,0,0
17998726130,0,0,0
19998815215,0,0,0
21998915794,0,0,0
23999007753,0,0,0
25999101764,0,0,0
27999196596,0,0,0
29999315649,0,0,0
32001276743,0,0,0
2463,0,0,0
1990004044,15625000,0,15625000
3990088202,15625000,0,15625000
5990261035,15625000,0,15625000
7990448235,15625000,0,15625000
9990375982,15625000,0,15625000
11990469993,15625000,0,15625000
13990555794,15625000,0,15625000
15992238139,15625000,0,15625000
17992334203,15625000,0,15625000
19992425340,15625000,0,15625000
21992525509,15625000,0,15625000
23992621983,15625000,0,15625000
25992708605,15625000,0,15625000
27992899090,15625000,0,15625000
29992983659,15625000,0,15625000
31995647167,15625000,0,15625000
5748,0,0,0
1997872231,0,0,0
3997963369,0,0,0
5998080369,15625000,0,15625000
7998141127,15625000,0,15625000
9998224054,15625000,0,15625000
11998332023,31250000,0,31250000
13998454361,31250000,0,31250000
15998512656,31250000,0,31250000
17999990147,46875000,0,46875000
20000089906,265625000,31250000,296875000
22000178991,2140625000,109375000,2250000000
24000270949,3062500000,218750000,3281250000
26000369065,3062500000,218750000,3281250000
28000452813,3062500000,218750000,3281250000
30000554213,3062500000,218750000,3281250000
32000648635,3062500000,218750000,3281250000
34000726225,3062500000,218750000,3281250000
36000820236,3062500000,218750000,3281250000
38000913015,3062500000,218750000,3281250000
40001022626,3062500000,218750000,3281250000
42002395433,3062500000,218750000,3281250000
5747,0,0,0
1994607709,15625000,0,15625000
3994586772,15625000,0,15625000
5994697615,15625000,0,15625000
7994779720,15625000,0,15625000
9994874963,15625000,0,15625000
11994982932,15625000,0,15625000
13995076122,15625000,0,15625000
15996450161,15625000,0,15625000
17996530624,15625000,0,15625000
19996631614,15625000,0,15625000
21996726036,15625000,0,15625000
23996827026,15625000,0,15625000
25996914468,15625000,0,15625000
27997030648,15625000,0,15625000
29997114396,15625000,0,15625000
31998572592,15625000,0,15625000
3285,0,0,0
1996745331,0,0,0
3996838932,0,0,0
5996862332,0,0,0
7996951827,0,0,0
9997052406,0,0,0
11997165712,0,0,0
13997233860,0,0,0
15999627241,0,0,0
17999719199,0,0,0
19999816494,0,0,0
21999908863,0,0,0
24000006979,0,0,0
26000105506,0,0,0
28000193770,0,0,0
30000301739,0,0,0
32001725041,0,0,0
5337,15625000,0,15625000
2001516903,31250000,0,31250000
4001672083,31250000,0,31250000
6001764862,31250000,0,31250000
8001794010,46875000,0,46875000
10001938105,46875000,0,46875000
12002047306,46875000,0,46875000
14002089590,46875000,0,46875000
16002261191,62500000,15625000,78125000
18003639335,62500000,15625000,78125000
20003808883,78125000,15625000,93750000
22003920957,78125000,15625000,93750000
24004009221,78125000,15625000,93750000
26004099948,78125000,15625000,93750000
28004168506,78125000,15625000,93750000
30004286328,109375000,15625000,125000000
32004384033,109375000,15625000,125000000
34004477223,125000000,15625000,140625000
36004588887,125000000,15625000,140625000
38004707940,125000000,31250000,156250000
40005107384,578125000,46875000,625000000
42004875436,2218750000,140625000,2359375000
44004983405,2218750000,140625000,2359375000
46005070026,2218750000,140625000,2359375000
48005187437,2218750000,140625000,2359375000
50005313059,2218750000,140625000,2359375000
52005356986,2218750000,140625000,2359375000
54005458386,2218750000,140625000,2359375000
56005544187,2218750000,140625000,2359375000
58005622187,2218750000,140625000,2359375000
60005771209,2218750000,140625000,2359375000
5337,0,0,0
2011093299,0,0,0
4011179099,0,0,0
6011294047,0,0,0
8011385595,0,0,0
10011443890,0,0,0
12011576080,0,0,0
14011672554,0,0,0
16014150504,0,0,0
18014224399,0,0,0
20014317589,0,0,0
22014409547,0,0,0
24014478926,0,0,0
26014608243,0,0,0
28014698149,0,0,0
30016253230,0,0,0
5336,0,0,0
2000138348,0,0,0
4000258632,0,0,0
6000349770,0,0,0
8000490992,0,0,0
10000549287,0,0,0
12000609634,15625000,0,15625000
14000714319,15625000,0,15625000
16000811614,15625000,0,15625000
18002472202,15625000,0,15625000
20015077887,15625000,0,15625000
22015081992,640625000,109375000,750000000
24015180109,1953125000,218750000,2171875000
26015289720,1953125000,218750000,2171875000
28015457626,1953125000,218750000,2171875000
30015551226,1953125000,218750000,2171875000
32015646469,1953125000,218750000,2171875000
34015740480,1953125000,218750000,2171875000
36015730627,1953125000,218750000,2171875000
38015973660,1953125000,218750000,2171875000
40016109956,1953125000,218750000,2171875000
43516,0,0,0
1990036886,15625000,0,15625000
3990101749,15625000,0,15625000
5990197402,15625000,0,15625000
7990306603,15625000,0,15625000
9990358740,15625000,0,15625000
11990483130,15625000,0,15625000
13990583299,15625000,0,15625000
15992086244,15625000,0,15625000
17992225413,15625000,0,15625000
19992336255,15625000,0,15625000
21992375666,15625000,0,15625000
23992439709,15625000,0,15625000
25992543572,15625000,0,15625000
27992635531,15625000,0,15625000
29992757458,15625000,0,15625000
31995260039,15625000,0,15625000
2873,0,0,0
1999630935,31250000,0,31250000
3999719609,46875000,0,46875000
5999821009,46875000,0,46875000
7999877662,62500000,15625000,78125000
9999999179,93750000,15625000,109375000
12000076769,93750000,15625000,109375000
14000166264,109375000,15625000,125000000
16001787440,109375000,15625000,125000000
18001974231,109375000,31250000,140625000
20002103547,109375000,31250000,140625000
22002418423,109375000,31250000,140625000
24002549792,109375000,31250000,140625000
26002637645,125000000,31250000,156250000
28002727961,125000000,31250000,156250000
30002808014,125000000,31250000,156250000
32003022310,125000000,31250000,156250000
34003227985,125000000,31250000,156250000
36003323227,140625000,31250000,171875000
38003300238,140625000,31250000,171875000
40003402049,156250000,31250000,187500000
42003620450,156250000,31250000,187500000
44003716103,156250000,31250000,187500000
46004054789,156250000,31250000,187500000
48004022357,156250000,31250000,187500000
50004233369,156250000,31250000,187500000
52004215306,171875000,31250000,203125000
54004313422,187500000,31250000,218750000
56004587655,187500000,31250000,218750000
58004859835,187500000,31250000,218750000
60004967804,187500000,31250000,218750000
62005058941,187500000,31250000,218750000
64005136531,187500000,31250000,218750000
66005154595,203125000,31250000,234375000
68005359859,1562500000,46875000,1609375000
70005471933,2171875000,93750000,2265625000
72005563891,2171875000,93750000,2265625000
74005675145,2171875000,93750000,2265625000
76005752734,2171875000,93750000,2265625000
78005864398,2171875000,93750000,2265625000
80007448217,2171875000,93750000,2265625000
5337,0,0,0
3866430887,15625000,0,15625000
5866523666,15625000,0,15625000
7866602077,15625000,0,15625000
9866715383,15625000,0,15625000
11866804878,15625000,0,15625000
13866916542,15625000,0,15625000
15867013016,15625000,0,15625000
17868569740,15625000,0,15625000
19868625982,15625000,0,15625000
21868679761,15625000,0,15625000
23868843152,15625000,0,15625000
25868869836,15625000,0,15625000
27869153511,15625000,0,15625000
29869360417,15625000,0,15625000
31869440470,15625000,0,15625000
33870906057,15625000,0,15625000
4926,0,0,0
1985215640,0,0,0
3985237398,0,0,0
5985390115,0,0,0
7985485357,0,0,0
9985525589,0,0,0
11985675022,0,0,0
13985719769,0,0,0
15988171445,0,0,0
17988535173,0,0,0
19988630416,0,0,0
21988791753,0,0,0
23988889049,0,0,0
25988983060,0,0,0
27989081176,0,0,0
29989248671,0,0,0
31990585352,0,0,0
3284,0,0,0
1987596705,0,0,0
3987706726,0,0,0
5987797864,0,0,0
7987877506,0,0,0
9987996149,0,0,0
11988078255,0,0,0
13988154202,0,0,0
15990562362,0,0,0
17990668278,0,0,0
19990741763,0,0,0
21990839058,0,0,0
23990946617,0,0,0
25991221671,0,0,0
27991314450,0,0,0
29991408872,0,0,0
31992874458,0,0,0
5337,0,0,0
1985197577,0,0,0
3985286251,0,0,0
5985372052,0,0,0
7985459494,0,0,0
9985610158,0,0,0
11985652443,0,0,0
13985790380,0,0,0
15987207935,0,0,0
17987246525,0,0,0
19987338893,0,0,0
21987488326,0,0,0
23987661979,0,0,0
25987760506,0,0,0
27987852054,0,0,0
29987952633,0,0,0
31989382914,0,0,0
4106,0,0,0
1987065071,0,0,0
3987207114,0,0,0
5987263767,0,0,0
7987348336,0,0,0
9987470263,0,0,0
11987536768,0,0,0
13987632011,0,0,0
15989095134,0,0,0
17989225682,0,0,0
19989351304,0,0,0
21989405904,0,0,0
23989497452,0,0,0
25989589821,0,0,0
27989816433,0,0,0
29989971202,0,0,0
31991467167,0,0,0
5337,0,0,0
1999525839,0,0,0
3999603840,0,0,0
5999723714,0,0,0
7999790220,0,0,0
9999893262,0,0,0
12000009031,0,0,0
14000078821,0,0,0
16002515307,0,0,0
18002600697,0,0,0
20002715645,0,0,0
22002792003,0,0,0
24002893404,0,0,0
26002987415,0,0,0
28003219774,0,0,0
30003309680,0,0,0
3284,0,0,0
1993355598,15625000,0,15625000
3993456998,15625000,0,15625000
5993551009,15625000,0,15625000
7993644610,15625000,0,15625000
9993741905,15625000,0,15625000
11993825653,15625000,0,15625000
13993918022,15625000,0,15625000
15995547409,15625000,0,15625000
17995576967,15625000,0,15625000
19995742820,15625000,0,15625000
21995796189,15625000,0,15625000
23995844221,15625000,0,15625000
25995978464,15625000,0,15625000
27996117222,15625000,0,15625000
29996212054,15625000,0,15625000
31997627146,15625000,0,15625000
2463,0,0,0
1998327918,0,0,0
3998407560,0,0,0
5998510603,0,0,0
7998609130,0,0,0
9998728183,0,0,0
11998765541,0,0,0
13998887878,0,0,0
16000370707,0,0,0
18000454455,0,0,0
20000568992,0,0,0
22000641656,0,0,0
24000933542,0,0,0
26001022216,0,0,0
28001122795,0,0,0
30001217217,0,0,0
32002648729,0,0,0
2873,0,0,0
1986940270,0,0,0
3987027712,0,0,0
5987170987,0,0,0
7987195208,0,0,0
9987304819,0,0,0
11987383641,0,0,0
13987563452,0,0,0
15988957196,0,0,0
17989177650,0,0,0
19989396461,0,0,0
21989481030,0,0,0
23989584483,0,0,0
25989676442,0,0,0
27989772505,0,0,0
29989868159,0,0,0
31991508630,0,0,0
2463,0,0,0
1995704231,0,0,0
3995122923,0,0,0
5995216934,0,0,0
7995301092,0,0,0
9995363903,0,0,0
11995499788,0,0,0
13995597083,0,0,0
15997113164,0,0,0
17997209228,0,0,0
19997302008,0,0,0
21997396019,0,0,0
23997492082,0,0,0
25997585272,0,0,0
27997679283,0,0,0
29997780684,0,0,0
31999229438,0,0,0
2873,0,0,0
2000326370,0,0,0
4000436391,0,0,0
6000526708,0,0,0
8000621950,0,0,0
10000713087,0,0,0
12000812025,0,0,0
14000905625,0,0,0
16003477586,0,0,0
18003569955,0,0,0
20003664376,0,0,0
22003757977,0,0,0
24003853630,0,0,0
26003944767,0,0,0
28004081062,0,0,0
30004203400,0,0,0
145773482,31250000,15625000,46875000
2158384109,1406250000,62500000,1468750000
4158477709,1828125000,93750000,1921875000
6158476478,2234375000,156250000,2390625000
8158514247,2640625000,156250000,2796875000
10158835691,3093750000,156250000,3250000000
12158853343,3109375000,156250000,3265625000
14158870586,3109375000,156250000,3265625000
16158908765,3109375000,156250000,3265625000
18158901786,3109375000,156250000,3265625000
20158915744,3109375000,156250000,3265625000
22158928060,3109375000,156250000,3265625000
24158970344,3109375000,156250000,3265625000
26159041366,3109375000,156250000,3265625000
28159240472,3109375000,156250000,3265625000
30159565611,3109375000,156250000,3265625000
3284,0,0,0
2000192538,281250000,31250000,312500000
4000271360,656250000,46875000,703125000
6000526709,1078125000,78125000,1156250000
8000624004,1421875000,109375000,1531250000
10001379377,1843750000,140625000,1984375000
12001388820,1859375000,140625000,2000000000
14001393335,1859375000,140625000,2000000000
16001432336,1859375000,140625000,2000000000
18001920044,1859375000,140625000,2000000000
20002038687,1859375000,140625000,2000000000
22002282541,1859375000,140625000,2000000000
24003082662,1859375000,140625000,2000000000
26003175441,1859375000,140625000,2000000000
28003110578,1859375000,140625000,2000000000
30003129462,1859375000,140625000,2000000000
32003600339,1859375000,140625000,2000000000
3284,0,0,0
1999667061,375000000,0,375000000
3999611229,765625000,0,765625000
5999620671,1156250000,15625000,1171875000
7999639145,1531250000,15625000,1546875000
10000606762,1921875000,31250000,1953125000
12001456967,1968750000,31250000,2000000000
14001479136,1968750000,31250000,2000000000
16001492683,1968750000,31250000,2000000000
18001491862,1968750000,31250000,2000000000
20001545642,1968750000,31250000,2000000000
22002465637,1968750000,31250000,2000000000
24002586743,1968750000,31250000,2000000000
26003689834,1968750000,31250000,2000000000
28003731708,1968750000,31250000,2000000000
30004517871,1968750000,31250000,2000000000
32005208791,1968750000,31250000,2000000000
2463,0,0,0
2000036126,359375000,15625000,375000000
4000194591,718750000,46875000,765625000
6000899879,984375000,78125000,1062500000
8001257039,1359375000,78125000,1437500000
10001207776,1781250000,93750000,1875000000
12001230355,1812500000,93750000,1906250000
14001216397,1812500000,93750000,1906250000
16001204902,1812500000,93750000,1906250000
18001209829,1812500000,93750000,1906250000
20001228302,1812500000,93750000,1906250000
22001236513,1812500000,93750000,1906250000
24001618715,1812500000,93750000,1906250000
26001549747,1812500000,93750000,1906250000
28002641754,1812500000,93750000,1906250000
30002564164,1812500000,93750000,1906250000
32002765733,1812500000,93750000,1906250000
4105,0,0,0
2002564164,343750000,15625000,359375000
4003322000,734375000,46875000,781250000
6003344579,1109375000,46875000,1156250000
8003808477,1468750000,46875000,1515625000
10003815456,1859375000,78125000,1937500000
12004013331,1890625000,78125000,1968750000
14004027699,1890625000,78125000,1968750000
16004953442,1890625000,78125000,1968750000
18005490414,1890625000,78125000,1968750000
20005701426,1890625000,78125000,1968750000
22005719078,1890625000,78125000,1968750000
24005761773,1890625000,78125000,1968750000
26006729390,1890625000,78125000,1968750000
28006747453,1890625000,78125000,1968750000
30006917823,1890625000,78125000,1968750000
32007786913,1890625000,78125000,1968750000
4926,15625000,0,15625000
1999286090,281250000,15625000,296875000
3999297995,609375000,46875000,656250000
6000159696,1062500000,78125000,1140625000
8000506593,1390625000,171875000,1562500000
10001094470,1781250000,187500000,1968750000
12001440135,1796875000,187500000,1984375000
14001544410,1796875000,187500000,1984375000
16001876117,1796875000,187500000,1984375000
18001865033,1796875000,187500000,1984375000
20001968076,1796875000,187500000,1984375000
22002524342,1796875000,187500000,1984375000
24002833471,1796875000,187500000,1984375000
26003359769,1796875000,187500000,1984375000
28003907825,1796875000,187500000,1984375000
30004673051,1796875000,187500000,1984375000
32005172254,1796875000,187500000,1984375000
2874,0,0,0
2000119874,0,0,0
4001037817,0,0,0
6001182323,15625000,0,15625000
8001504178,31250000,0,31250000
10001524294,31250000,0,31250000
12001641705,31250000,0,31250000
14002207003,31250000,15625000,46875000
16002324415,31250000,15625000,46875000
18002927482,31250000,15625000,46875000
20003012051,46875000,15625000,62500000
22003841730,46875000,15625000,62500000
24003886067,62500000,15625000,78125000
26003900435,62500000,15625000,78125000
28004436175,62500000,15625000,78125000
30010101064,1187500000,109375000,1296875000
32010285802,2296875000,250000000,2546875000
34010608478,2296875000,250000000,2546875000
36010915143,2296875000,250000000,2546875000
38011429946,2296875000,250000000,2546875000
40011793264,2296875000,250000000,2546875000
42015630889,2296875000,250000000,2546875000
44016331661,2296875000,250000000,2546875000
46016682253,2296875000,250000000,2546875000
48016997539,2296875000,250000000,2546875000
50017673680,2296875000,250000000,2546875000
3285,0,0,0
2000066506,437500000,62500000,500000000
4000186381,765625000,93750000,859375000
6000558320,1078125000,109375000,1187500000
8001376093,1484375000,109375000,1593750000
10001392925,1906250000,140625000,2046875000
12001910602,1921875000,140625000,2062500000
14002458658,1921875000,140625000,2062500000
16002480416,1921875000,140625000,2062500000
18002556775,1921875000,140625000,2062500000
20003555591,1921875000,140625000,2062500000
22003861846,1921875000,140625000,2062500000
24004603672,1921875000,140625000,2062500000
26004710820,1921875000,140625000,2062500000
28004619682,1921875000,140625000,2062500000
30005008453,1921875000,140625000,2062500000
32005334003,1921875000,140625000,2062500000
3695,0,0,0
1999934726,421875000,31250000,453125000
4000264381,859375000,93750000,953125000
6001128544,1265625000,140625000,1406250000
8001494736,1718750000,171875000,1890625000
10001586284,2093750000,187500000,2281250000
12001582179,2093750000,187500000,2281250000
14001888844,2093750000,187500000,2281250000
16002022676,2093750000,187500000,2281250000
18002344531,2093750000,187500000,2281250000
20002941850,2093750000,187500000,2281250000
22003535475,2093750000,187500000,2281250000
24004430428,2093750000,187500000,2281250000
26005256412,2093750000,187500000,2281250000
28005487540,2093750000,187500000,2281250000
30005830742,2093750000,187500000,2281250000
32006549989,2093750000,187500000,2281250000
5337,0,0,0
2000209369,500000000,31250000,531250000
4000536150,906250000,46875000,953125000
6000863342,1328125000,109375000,1437500000
8001195870,1718750000,125000000,1843750000
10001518546,2218750000,140625000,2359375000
12001877759,2218750000,140625000,2359375000
14002174982,2218750000,140625000,2359375000
16002500121,2218750000,140625000,2359375000
18002827312,2218750000,140625000,2359375000
20003161483,2218750000,140625000,2359375000
22003503453,2218750000,140625000,2359375000
24003984593,2218750000,140625000,2359375000
26004307269,2218750000,140625000,2359375000
28004653345,2218750000,140625000,2359375000
30004976842,2218750000,140625000,2359375000
32005280223,2218750000,140625000,2359375000
2463,0,0,0
1999913378,421875000,46875000,468750000
3999909273,796875000,93750000,890625000
6000896595,1156250000,140625000,1296875000
8001254576,1484375000,187500000,1671875000
10002312920,1875000000,187500000,2062500000
12002773123,1906250000,203125000,2109375000
14002820334,1906250000,203125000,2109375000
16003793698,1906250000,203125000,2109375000
18004814273,1906250000,203125000,2109375000
20004836441,1906250000,203125000,2109375000
22004881599,1906250000,203125000,2109375000
24005356581,1906250000,203125000,2109375000
26005741247,1906250000,203125000,2109375000
28005786816,1906250000,203125000,2109375000
30005781889,1906250000,203125000,2109375000
32005966627,1906250000,203125000,2109375000
2874,0,0,0
2000702415,375000000,0,375000000
4000716373,765625000,31250000,796875000
6000708573,1015625000,31250000,1046875000
8001633084,1437500000,46875000,1484375000
10001658537,1843750000,93750000,1937500000
12001654432,1875000000,93750000,1968750000
14002245593,1875000000,93750000,1968750000
16002263246,1875000000,93750000,1968750000
18002372857,1875000000,93750000,1968750000
20002305120,1875000000,93750000,1968750000
22002325646,1875000000,93750000,1968750000
24002344941,1875000000,93750000,1968750000
26002360131,1875000000,93750000,1968750000
28002519006,1875000000,93750000,1968750000
30002564574,1875000000,93750000,1968750000
32002560058,1875000000,93750000,1968750000
2874,0,0,0
2000066095,296875000,0,296875000
4000066916,640625000,31250000,671875000
6000076769,984375000,46875000,1031250000
8000495098,1281250000,62500000,1343750000
10000545182,1671875000,109375000,1781250000
12001171649,1718750000,109375000,1828125000
14001192176,1718750000,109375000,1828125000
16002000918,1718750000,109375000,1828125000
18002120792,1718750000,109375000,1828125000
20003047766,1718750000,109375000,1828125000
22003043251,1718750000,109375000,1828125000
24003144241,1718750000,109375000,1828125000
26003156967,1718750000,109375000,1828125000
28003082251,1718750000,109375000,1828125000
30003681623,1718750000,109375000,1828125000
32004082299,1718750000,109375000,1828125000
5337,0,0,0
1999909273,281250000,0,281250000
3999917073,593750000,15625000,609375000
6000000821,968750000,15625000,984375000
8000302970,1312500000,31250000,1343750000
10001323135,1671875000,46875000,1718750000
12001722579,1687500000,46875000,1734375000
14002533784,1687500000,46875000,1734375000
16003405748,1687500000,46875000,1734375000
18003323231,1687500000,46875000,1734375000
20003335137,1687500000,46875000,1734375000
22003356484,1687500000,46875000,1734375000
24004433302,1687500000,46875000,1734375000
26004918136,1687500000,46875000,1734375000
28004930042,1687500000,46875000,1734375000
30004948105,1687500000,46875000,1734375000
32005928859,1687500000,46875000,1734375000
3284,15625000,0,15625000
2000033663,15625000,0,15625000
4000026684,31250000,0,31250000
6148680026,31250000,0,31250000
8149547474,31250000,0,31250000
10149545011,31250000,0,31250000
12149783528,62500000,0,62500000
14149836076,78125000,15625000,93750000
16149918182,78125000,15625000,93750000
18149916129,78125000,15625000,93750000
20149960466,78125000,15625000,93750000
22150453511,78125000,15625000,93750000
24150870198,78125000,15625000,93750000
26150765924,78125000,15625000,93750000
28151348464,78125000,15625000,93750000
30151612845,78125000,15625000,93750000
32152005721,78125000,15625000,93750000
34152509440,78125000,15625000,93750000
36152888769,93750000,15625000,109375000
38152984012,93750000,15625000,109375000
40153434772,93750000,15625000,109375000
42153449141,125000000,15625000,140625000
44153480752,140625000,15625000,156250000
46153472952,140625000,15625000,156250000
48153506204,140625000,15625000,156250000
50153535762,156250000,15625000,171875000
52153527962,171875000,15625000,187500000
54153559163,171875000,15625000,187500000
56153537815,187500000,15625000,203125000
58154124461,203125000,15625000,218750000
60154984519,218750000,15625000,234375000
62155000119,218750000,15625000,234375000
64155011614,234375000,15625000,250000000
66155042404,250000000,15625000,265625000
68155933251,250000000,15625000,265625000
70155962399,250000000,15625000,265625000
72156808499,250000000,15625000,265625000
74157769547,1734375000,78125000,1812500000
76158543805,2156250000,125000000,2281250000
78158581984,2156250000,125000000,2281250000
80158577058,2156250000,125000000,2281250000
82159138251,2156250000,125000000,2281250000
84159151798,2156250000,125000000,2281250000
86159801255,2156250000,125000000,2281250000
88160041004,2156250000,125000000,2281250000
90160190026,2156250000,125000000,2281250000
92160207678,2156250000,125000000,2281250000
2874,0,0,0
2000382203,281250000,31250000,312500000
4001210240,578125000,46875000,625000000
6001276745,921875000,62500000,984375000
8001569452,1203125000,93750000,1296875000
10001659358,1578125000,125000000,1703125000
12002446753,1640625000,125000000,1765625000
14003105652,1640625000,125000000,1765625000
16003042020,1640625000,125000000,1765625000
18003544097,1640625000,125000000,1765625000
20004220238,1640625000,125000000,1765625000
22004315480,1640625000,125000000,1765625000
24004242406,1640625000,125000000,1765625000
26004684135,1640625000,125000000,1765625000
28004882421,1640625000,125000000,1765625000
30005839774,1640625000,125000000,1765625000
32006140281,1640625000,125000000,1765625000
3695,0,0,0
1999295532,15625000,0,15625000
3999878073,46875000,0,46875000
6000201569,46875000,0,46875000
8000227022,62500000,0,62500000
10000974595,62500000,0,62500000
12001071070,78125000,0,78125000
14001296861,78125000,15625000,93750000
16002190582,78125000,15625000,93750000
18002441826,78125000,15625000,93750000
20002475900,93750000,15625000,109375000
22003420116,93750000,15625000,109375000
24004388554,93750000,15625000,109375000
26005151727,109375000,15625000,125000000
28005186212,109375000,15625000,125000000
30005280633,109375000,15625000,125000000
32005316760,109375000,15625000,125000000
34005363560,109375000,15625000,125000000
36006190776,109375000,15625000,125000000
38006216229,109375000,15625000,125000000
40006288071,109375000,15625000,125000000
42006334872,109375000,15625000,125000000
44006397272,125000000,15625000,140625000
46006464599,125000000,15625000,140625000
48006617315,125000000,31250000,156250000
50006921517,140625000,31250000,171875000
52007718764,156250000,31250000,187500000
54007871892,187500000,31250000,218750000
56008871940,187500000,31250000,218750000
58008891646,218750000,31250000,250000000
60008916277,218750000,31250000,250000000
62010454940,734375000,46875000,781250000
64010178243,2187500000,156250000,2343750000
66010300991,2187500000,156250000,2343750000
68010794037,2187500000,156250000,2343750000
70011345787,2187500000,156250000,2343750000
72011797780,2187500000,156250000,2343750000
74011936539,2187500000,156250000,2343750000
76011969381,2187500000,156250000,2343750000
78011968149,2187500000,156250000,2343750000
80011987034,2187500000,156250000,2343750000
3284,0,0,0
1999508186,328125000,15625000,343750000
3999601376,687500000,31250000,718750000
5999944989,1125000000,62500000,1187500000
7999954841,1406250000,93750000,1500000000
10000863752,1765625000,125000000,1890625000
12000895774,1781250000,140625000,1921875000
14001584231,1781250000,140625000,1921875000
16001703695,1781250000,140625000,1921875000
18001844506,1781250000,140625000,1921875000
20001885559,1781250000,140625000,1921875000
22002005844,1781250000,140625000,1921875000
24002016107,1781250000,140625000,1921875000
26002037865,1781250000,140625000,1921875000
28002991934,1781250000,140625000,1921875000
30003093335,1781250000,140625000,1921875000
32003040377,1781250000,140625000,1921875000
2874,0,0,0
2000184738,328125000,0,328125000
4000109201,640625000,0,640625000
6000477035,953125000,15625000,968750000
8001419609,1296875000,46875000,1343750000
10001664695,1671875000,78125000,1750000000
12001951654,1734375000,78125000,1812500000
14001871191,1734375000,78125000,1812500000
16002330983,1734375000,78125000,1812500000
18002783797,1734375000,78125000,1812500000
20003700097,1734375000,78125000,1812500000
22003711181,1734375000,78125000,1812500000
24003801498,1734375000,78125000,1812500000
26003723497,1734375000,78125000,1812500000
28003727192,1734375000,78125000,1812500000
30003751413,1734375000,78125000,1812500000
32003821614,1734375000,78125000,1812500000
5337,0,0,0
1992172035,0,0,0
3992293962,15625000,0,15625000
5992391257,15625000,0,15625000
7992549311,46875000,0,46875000
9992649480,46875000,0,46875000
11992677396,62500000,0,62500000
13992851871,62500000,0,62500000
15994230427,62500000,0,62500000
17994277638,62500000,0,62500000
19994367954,78125000,0,78125000
21994450060,78125000,0,78125000
23994611808,78125000,0,78125000
25994653272,93750000,0,93750000
27994740714,93750000,0,93750000
29994833494,93750000,0,93750000
31995002632,93750000,0,93750000
33995117580,93750000,0,93750000
35995124559,93750000,0,93750000
37995271939,93750000,0,93750000
39995399203,93750000,0,93750000
41995496908,93750000,0,93750000
43995578193,125000000,0,125000000
45995616783,125000000,0,125000000
47995705868,125000000,0,125000000
49995884858,125000000,0,125000000
51995889374,125000000,0,125000000
53995996112,125000000,0,125000000
55996101618,125000000,0,125000000
57996194397,312500000,31250000,343750000
59996367640,2031250000,156250000,2187500000
61996469451,2031250000,156250000,2187500000
63996561410,2031250000,156250000,2187500000
65996631610,2031250000,156250000,2187500000
67996747790,2031250000,156250000,2187500000
69996859454,2031250000,156250000,2187500000
71998214199,2031250000,156250000,2187500000
10674,0,0,0
1987072444,0,0,0
3987126223,0,0,0
5987220235,0,0,0
7987357351,0,0,0
9987428783,0,0,0
11987521973,0,0,0
13987638564,0,0,0
15989147257,31250000,15625000,46875000
17989336101,46875000,15625000,62500000
19989332816,62500000,15625000,78125000
21989416154,78125000,15625000,93750000
23989521660,93750000,15625000,109375000
25989666166,93750000,15625000,109375000
27989728566,93750000,15625000,109375000
29989840641,109375000,15625000,125000000
31989911662,109375000,15625000,125000000
33990014705,125000000,15625000,140625000
35990095579,140625000,31250000,171875000
37990214222,140625000,31250000,171875000
39990305770,156250000,31250000,187500000
41990381718,156250000,46875000,203125000
43990485582,156250000,46875000,203125000
45990584519,171875000,62500000,234375000
47990707267,187500000,62500000,250000000
49990788552,187500000,62500000,250000000
51990874763,203125000,62500000,265625000
53990967132,203125000,62500000,265625000
55991089470,203125000,62500000,265625000
57991192512,218750000,62500000,281250000
59991309513,218750000,62500000,281250000
61991376429,484375000,62500000,546875000
63991474135,546875000,78125000,625000000
65991585389,546875000,78125000,625000000
67991695410,546875000,78125000,625000000
69991768484,562500000,78125000,640625000
72038716982,593750000,78125000,671875000
74038832341,609375000,78125000,687500000
76038934152,609375000,78125000,687500000
78039045405,609375000,78125000,687500000
80039116016,609375000,78125000,687500000
82039194838,625000000,78125000,703125000
84039318407,625000000,93750000,718750000
86039422271,625000000,93750000,718750000
88039516692,640625000,93750000,734375000
90039602493,640625000,109375000,750000000
92039701020,640625000,109375000,750000000
94039804884,875000000,109375000,984375000
96039891916,875000000,109375000,984375000
98039990443,875000000,109375000,984375000
100040083222,875000000,109375000,984375000
102040185033,875000000,109375000,984375000
104040282739,875000000,109375000,984375000
106040381677,875000000,109375000,984375000
108040477330,875000000,109375000,984375000
110042080445,875000000,109375000,984375000
8621,0,0,0
1998637455,0,0,0
3998732287,0,0,0
5998828761,0,0,0
7998930572,0,0,0
9999022531,0,0,0
11999121879,0,0,0
13999212606,0,0,0
16000828037,0,0,0
18000920406,0,0,0
20001018522,0,0,0
22001114176,0,0,0
24001214345,0,0,0
26001312872,0,0,0
28001410167,0,0,0
30001511157,0,0,0
10674,0,0,0
1987740785,0,15625000,15625000
3987838491,0,15625000,15625000
5987937429,0,15625000,15625000
7988027335,0,15625000,15625000
9988125040,0,15625000,15625000
11988221515,0,15625000,15625000
13988317989,0,15625000,15625000
15990873942,0,15625000,15625000
17990957690,0,15625000,15625000
19991056217,0,15625000,15625000
21991156386,0,15625000,15625000
23991241776,0,15625000,15625000
25991357956,0,15625000,15625000
27991438419,0,15625000,15625000
29991531609,0,15625000,15625000
31993087925,0,15625000,15625000
11084,0,0,0
1994465249,0,0,0
3994552692,0,0,0
5994652040,0,0,0
7994739072,0,0,0
9994844578,0,0,0
11994930378,0,0,0
13995024800,0,0,0
15997579111,0,0,0
17997683796,0,0,0
19997790944,0,0,0
21997882492,0,0,0
23997994977,0,0,0
25998075851,0,0,0
27998179715,0,0,0
29998272084,0,0,0
31999802125,0,0,0
9442,0,0,0
1992217193,0,0,0
3992373604,0,0,0
5992415478,0,0,0
7992510310,0,0,0
9992614585,0,0,0
11992703259,0,0,0
13992807123,0,0,0
15994371238,0,0,0
17994462375,0,0,0
19994567471,0,0,0
21994652040,0,0,0
23994759598,0,0,0
25994850325,0,0,0
27994953368,0,0,0
29995060516,0,0,0
31996606568,0,0,0
5363154,0,0,0
2002989063,1093750000,78125000,1171875000
4010330969,1375000000,78125000,1453125000
6025179812,1562500000,93750000,1656250000
8037469416,1890625000,156250000,2046875000
10051956172,1953125000,156250000,2109375000
12104485443,2046875000,171875000,2218750000
14117595694,2453125000,171875000,2625000000
16118300163,2562500000,203125000,2765625000
18119482487,2656250000,203125000,2859375000
20126565759,2656250000,203125000,2859375000
22128679574,2656250000,203125000,2859375000
24139818053,2656250000,203125000,2859375000
26146094225,2656250000,203125000,2859375000
28147298307,2656250000,203125000,2859375000
30148324630,2656250000,203125000,2859375000
65159224,0,0,0
2083692512,1859375000,109375000,1968750000
4083923435,3000000000,234375000,3234375000
6084297188,3671875000,296875000,3968750000
8084792390,4437500000,343750000,4781250000
10085202492,5203125000,453125000,5656250000
12086024835,5250000000,453125000,5703125000
14086788592,5250000000,453125000,5703125000
16087462973,5250000000,453125000,5703125000
18087811068,5250000000,453125000,5703125000
20088522225,5250000000,453125000,5703125000
22088594496,5250000000,453125000,5703125000
24088611173,5250000000,453125000,5703125000
26088963973,5250000000,453125000,5703125000
28089149566,5250000000,453125000,5703125000
30089537859,5250000000,453125000,5703125000
7269,0,0,0
2000050888,718750000,62500000,781250000
4000956620,1484375000,140625000,1625000000
6001685738,2234375000,203125000,2437500000
8002484561,2843750000,281250000,3125000000
10002657326,3515625000,375000000,3890625000
12003386016,3625000000,375000000,4000000000
14004435006,3625000000,375000000,4000000000
16004824154,3625000000,375000000,4000000000
18005544719,3625000000,375000000,4000000000
20006443609,3625000000,375000000,4000000000
22006464991,3625000000,375000000,4000000000
24006494497,3625000000,375000000,4000000000
26006771177,3625000000,375000000,4000000000
28006852001,3625000000,375000000,4000000000
30007230030,3625000000,375000000,4000000000
32007827864,3625000000,375000000,4000000000
4276,0,0,0
1999754965,687500000,93750000,781250000
4000057731,1437500000,125000000,1562500000
6000613229,2234375000,156250000,2390625000
8001572415,2937500000,265625000,3203125000
10001611330,3812500000,296875000,4109375000
12001621166,3906250000,312500000,4218750000
14001660936,3906250000,312500000,4218750000
16001711397,3906250000,312500000,4218750000
18002553411,3906250000,312500000,4218750000
20002583345,3906250000,312500000,4218750000
22003286805,3906250000,312500000,4218750000
24003426214,3906250000,312500000,4218750000
26003426642,3906250000,312500000,4218750000
28003633617,3906250000,312500000,4218750000
30003680230,3906250000,312500000,4218750000
32004417045,3906250000,312500000,4218750000
4276,0,0,0
2001364584,781250000,31250000,812500000
4001422315,1578125000,109375000,1687500000
6001775969,2250000000,203125000,2453125000
8002591897,3109375000,250000000,3359375000
10003084106,3781250000,281250000,4062500000
12003149106,3890625000,312500000,4203125000
14003240192,3890625000,312500000,4203125000
16003550228,3890625000,312500000,4203125000
18004477341,3890625000,312500000,4203125000
20004914812,3890625000,312500000,4203125000
22004996063,3890625000,312500000,4203125000
24005794458,3890625000,312500000,4203125000
26006491932,3890625000,312500000,4203125000
28006530846,3890625000,312500000,4203125000
30006572755,3890625000,312500000,4203125000
32007391249,3890625000,312500000,4203125000
175959891,62500000,0,62500000
2203798512,1843750000,31250000,1875000000
4203928941,3109375000,156250000,3265625000
6204091870,3953125000,203125000,4156250000
8204499834,4718750000,296875000,5015625000
10204667467,5546875000,437500000,5984375000
12205558659,5562500000,437500000,6000000000
14205569777,5562500000,437500000,6000000000
16205644186,5562500000,437500000,6000000000
18206257842,5562500000,437500000,6000000000
20206318994,5562500000,437500000,6000000000
22206390409,5562500000,437500000,6000000000
24207341897,5562500000,437500000,6000000000
26207393641,5562500000,437500000,6000000000
28207459924,5562500000,437500000,6000000000
30207453938,5562500000,437500000,6000000000
4704,0,0,0
2000464412,781250000,78125000,859375000
4001304715,1531250000,171875000,1703125000
6002263045,2265625000,187500000,2453125000
8002880978,3171875000,250000000,3421875000
10002863445,3937500000,296875000,4234375000
12003096506,4109375000,312500000,4421875000
14003153382,4109375000,312500000,4421875000
16003191869,4109375000,312500000,4421875000
18003408252,4109375000,312500000,4421875000
20004209641,4109375000,312500000,4421875000
22004662506,4109375000,312500000,4421875000
101775542,46875000,0,46875000
2128785002,1250000000,62500000,1312500000
4129365731,2578125000,218750000,2796875000
6133404748,4093750000,343750000,4437500000
8146315920,5765625000,484375000,6250000000
10146722173,7468750000,703125000,8171875000
12148006363,9093750000,984375000,10078125000
14148323668,10937500000,1093750000,12031250000
16148756436,10937500000,1093750000,12031250000
18148900121,10937500000,1093750000,12031250000
20148902687,10937500000,1093750000,12031250000
22149770787,10937500000,1093750000,12031250000
24149795162,10937500000,1093750000,12031250000
26152349002,10937500000,1093750000,12031250000
28154284052,10937500000,1093750000,12031250000
30155121363,10937500000,1093750000,12031250000
6842,0,0,0
2018221122,1406250000,140625000,1546875000
4051790082,2812500000,265625000,3078125000
6052308377,4031250000,562500000,4593750000
8053370623,5125000000,671875000,5796875000
10054209644,6328125000,796875000,7125000000
12054297309,6796875000,828125000,7625000000
14054993072,6796875000,828125000,7625000000
16055829528,6796875000,828125000,7625000000
18056247327,6796875000,828125000,7625000000
20056986709,6796875000,828125000,7625000000
22191242452,6796875000,828125000,7625000000
24191493474,6796875000,828125000,7625000000
26192885428,6796875000,828125000,7625000000
28197041190,6796875000,828125000,7625000000
30197461983,6796875000,828125000,7625000000
9836,0,0,0
2001072082,1109375000,78125000,1187500000
4001855083,2203125000,140625000,2343750000
6002827954,3312500000,218750000,3531250000
8003770463,4406250000,265625000,4671875000
10004523529,5640625000,312500000,5953125000
12005534031,5750000000,312500000,6062500000
14005914199,5750000000,312500000,6062500000
16005967654,5750000000,312500000,6062500000
18005999299,5750000000,312500000,6062500000
20006569337,5750000000,312500000,6062500000
22006624930,5750000000,312500000,6062500000
24006661706,5750000000,312500000,6062500000
26006694207,5750000000,312500000,6062500000
28006759635,5750000000,312500000,6062500000
30007657669,5750000000,312500000,6062500000
32007914251,5750000000,312500000,6062500000
5987,0,0,0
2000417800,1187500000,46875000,1234375000
4000420365,2390625000,140625000,2531250000
6000658986,3843750000,296875000,4140625000
8000788987,5234375000,406250000,5640625000
10000810369,6609375000,531250000,7140625000
12001261952,6750000000,562500000,7312500000
14002101828,6750000000,562500000,7312500000
16003011409,6750000000,562500000,7312500000
18004790373,6750000000,562500000,7312500000
20013540223,6750000000,562500000,7312500000
22015944818,6750000000,562500000,7312500000
24015368365,6750000000,562500000,7312500000
26016025641,6750000000,562500000,7312500000
28015991857,6750000000,562500000,7312500000
30016096201,6750000000,562500000,7312500000
32016171037,6750000000,562500000,7312500000
8209747,0,0,0
2012607978,1765625000,78125000,1843750000
4013557756,3625000000,156250000,3781250000
6014140624,5359375000,328125000,5687500000
8014581088,7218750000,453125000,7671875000
10014900960,9093750000,562500000,9656250000
12015216127,10546875000,703125000,11250000000
14015649322,10546875000,703125000,11250000000
16016181728,10546875000,703125000,11250000000
18016193702,10546875000,703125000,11250000000
20016209097,10546875000,703125000,11250000000
22016248867,10546875000,703125000,11250000000
24016833444,10546875000,703125000,11250000000
26017504405,10546875000,703125000,11250000000
28917976087,10546875000,703125000,11250000000
30925134278,10546875000,703125000,11250000000
5987,0,0,0
2000585006,1296875000,62500000,1359375000
4000755632,2734375000,218750000,2953125000
6001642976,3921875000,328125000,4250000000
8002269462,5140625000,437500000,5578125000
10003123023,6375000000,562500000,6937500000
12003704179,6562500000,578125000,7140625000
14003743949,6562500000,578125000,7140625000
16003898326,6562500000,578125000,7140625000
18004147637,6562500000,578125000,7140625000
20005114521,6562500000,578125000,7140625000
22005537025,6562500000,578125000,7140625000
